 &IN1
 IOUT = 4
 AELIP = 0.3
 CUTIP = 5000.0
 EELIP = 1.6
 FCURBD = 1
 IECURR = 0
 IFITVS = 0
 INPUT_DIR = '../../tbl26/'
 IVESEL = 1
 KCALPA = 0
 KCGAMA = 0
 KFFCUR = 2
 KFFFNC = 0
 KPPCUR = 2
 KPPFNC = 0
 PCURBD = 1
 RELIP = 0.4
 RZERO = 0.4
 SERROR = 0.0005
 TABLE_DIR = '../../tbl26/'
 VCURRT = 59.10578152841277 59.149871095737026 59.13961405439954 
 59.092633760894216 59.02748148879854 58.95336408644641 58.87326896775288 
 58.78761349717048 58.69582845915753 58.596938339907645 58.48978967658168 
 58.373160238782766 58.245824694128544 58.10660181489499 57.95439194725401 
 57.7882083811698 57.60720656580718 57.4107218651731 57.1983525688819 
 56.97027834866915 104.5357399506433 104.0472543041505 103.52018353223421 
 102.9562525955802 102.35685177528086 101.7235186747447 101.0579615810834 
 100.3620306466799 99.63769976277428 98.88705242176576 98.11226147721956 
 97.31556205418802 96.49922128667008 95.66550863962118 94.81666905001754 
 93.95489706082256 93.08230122269171 92.20083647811235 91.31216926380773 
 90.4173368605513 106.1240463771746 105.05661305658951 103.99001883609508 
 102.92531734201732 101.86398693877919 100.80757527028372 99.75756913398105 
 98.71536040688878 97.68225766408925 96.65950972459716 95.64832988485921 
 94.6499215437633 93.66550688471082 92.69635597884425 91.74380984224418 
 90.80931473757501 89.89459644795384 89.00232245773975 88.13791114839525 
 87.31494135848646 39.507342488523534 39.14923387712853 38.78783769443544 
 38.42801585736299 38.07173479235094 37.72000873994406 37.373411043485 
 37.03228503361582 36.69685026168746 36.367258929713685 36.04362547155998 
 35.72604196610114 35.41458700018661 35.109332716982344 34.81035350204652 
 34.51773971067977 34.231621120748315 33.95221014999615 33.679900328613556 
 33.41562568927267 29.261569792717495 29.038857944798032 28.819470321418223 
 28.60414985430657 28.393170336280935 28.1866425344626 27.984593830883473 
 27.787000341469078 27.59380251486453 27.404912288534813 27.220214360088768 
 27.03956196728927 26.862765737202594 26.689571767354334 26.519621588988215 
 26.352380698214766 26.187008535738197 26.022098471744552 25.85503004668041 
 25.679480558221275 49.685575798855375 49.36785936493579 49.09003715817946 
 48.83910202520374 48.60994681089044 48.400222014856794 48.20874837481312 
 48.034844006192294 47.878060393666985 47.73809991594548 47.61479572847773 
 47.50810732338188 47.418120286475784 47.34505042198504 47.28926227215083 
 47.25134043468765 47.23231197865722 47.23421296553156 47.26144578469088 
 47.325257231588694 28.093207175485155 28.145765124043493 28.190874934756668 
 28.234846752797914 28.280256788322433 28.328447326962035 28.38018725664081 
 28.435941881036552 28.4960069111466 28.560578840369836 28.62979121023324 
 28.70373193072441 28.782449316966968 28.865949267934592 28.954181743494704 
 29.04701041895449 29.14415287699819 29.245060329450496 29.348626277483913 
 29.452089359762162 38.73895135949891 38.891570744436926 39.061062822870845 
 39.24359444077997 39.43760617031933 39.64232528350828 39.85733854656695 
 40.082404898715495 40.3173656528741 40.56210398299759 40.81652811330203 
 41.08056432865042 41.354153527200076 41.63724911575806 41.92981587641062 
 42.2318303581906 42.543284125168505 42.86419248919634 43.194616607102446 
 43.534744405490414 43.15900756421131 43.51161068290282 43.872783913518155 
 44.24272450564386 44.62150259407835 45.00914308631333 45.40564832673244 
 45.81100736450662 46.225199839326805 46.64819713889456 47.07996217926715 
 47.52044847543281 47.969598554185076 48.42734085516744 48.89358246276578 
 49.36819176048132 49.85096017155201 50.341522621627696 50.83917626941921 
 51.342245936509975 62.741655575724245 63.37216485719988 64.01746018049366 
 64.67515111730135 65.34412289032629 66.0236895458325 66.71333061322072 
 67.41257425557161 68.12094538751876 68.83794399456576 69.56303479009564 
 70.29564012018002 71.03513399725124 71.78083709579856 72.53201142013674 
 73.28784850386289 74.04743651911234 74.80968290901232 75.57315126501781 
 76.33558906126365 106.72754379976513 107.78167369429138 108.83424096895594 
 109.88066202772666 110.91772630119242 111.94263189689428 112.95264193699401 
 113.94498089789998 114.91684029505247 115.86541462331323 116.78793951857342 
 117.68173009043099 118.5442216688331 119.37301350164341 120.16591487504323 
 120.92099278146549 121.63661949247695 122.31151834447545 122.94481604421222 
 123.53617584639078 130.62466497445735 131.1567492388399 131.64330765813918 
 132.08562008487107 132.4852323379898 132.8440212208523 133.16417118997197 
 133.44813372088853 133.69857574794406 133.91831484442721 134.11023843663776 
 134.27720073929154 134.42187888514945 134.5465356722329 134.65253517431873 
 134.73914896311658 134.80037080552586 134.81761971111354 134.75311226555525 
 134.5677175107159 1001.0530515135612 1024.5599386299582 1050.9138553211096 
 1079.1183885505714 1108.2426901626304 1018.9491279602715 1042.925681055364 
 1069.2410028565973 1096.9055390339809 1124.8720795295853 991.1661150674291 
 1011.9658085839192 1028.9158656542843 1038.0830919292584 362.89324268563774 
 1005.064180165723 1025.9133326949711 1042.405791113131 1050.653688325482 
 366.96880507024446 1742.2924899840395 1543.4987134885573 1390.7061509903117 
 1270.5578820810072 1174.5949749463846 899.387538694723 925.3524370145467 
 445.1466311986637 1743.7316652551615 1545.1132514296921 1392.5096777198678 
 1272.5539857989252 1176.782536298317 901.3109024746597 927.5903293125162 
 446.3278963220609 686.2848105531257 686.0888064346958 685.6222979692328 
 684.8503175544913 683.7316416961265 682.2166331964572 680.2448096620774 
 677.7413172808917 674.6120727512422 670.7372695034735 665.9627241535005 
 660.0883220738194 652.8526294473484 643.9126509295226 632.817969638057 
 618.9797137693982 601.6383341133093 579.8429856920618 552.4748632204518 
 518.3841627967482 476.75993510002473 427.8361938988724 267.36847574555395 
 390.52283436313866 443.47188998433165 490.33864153885736 529.6737195112356 
 561.6479626213909 587.2320261931201 607.5918042179275 623.8029931698554 
 636.7585197204232 647.1635975013029 655.5620453379869 662.3689465995233 
 667.9003198880067 672.3972569714042 676.044606137303 678.9851033081019 
 681.3299654716125 683.1668261059912 684.5656897993114 685.5833548994117 
 686.2664193535871 686.6528117104789 480.73526458177275 227.41776930352142 
 227.31126859480588 227.20261777749232 227.09273411066187 226.9808694296354 
 226.86712138119472 226.75243835372055 226.63572710797945 226.51667078054405 
 226.3960233694163 226.27258421657118 226.14588535133052 226.0168467090975 
 225.88475600975553 225.74975014028402 225.6134189364927 225.47527073617675 
 225.33490566193626 225.193228439193 225.04931815337258 224.902566547814 
 224.75404449966774 224.60317140607611 224.44951142590116 224.29432167535933 
 224.137175647107 223.97752617694368 223.81655710453248 223.65391857092342 
 223.48909529201282 223.32345733196118 223.15698324253856 222.9893693980689 
 222.82231176949625 222.6562555497984 222.49109276888205 222.3283472808893 
 222.16767377013562 222.0072821217419 221.8469945805666 221.6858713446304 
 221.52276930547092 221.35898028588562 221.19504637532205 221.03058219205508 
 220.86711324716123 220.70523924614912 220.54432516918513 220.385515081034 
 220.2290666268578 220.07381557765405 219.92043286419607 219.76911049412084 
 219.61880587400307 219.4704512495518 219.3246468403254 219.18053611139007 
 219.03906514111364 218.90091827007322 218.76516836646692 218.6325903521016 
 218.50383286356234 218.37783587367866 218.2551835880291 218.13654391669417 
 218.0208590141478 217.90866622016708 217.80075243574075 217.69609864062576 
 217.59515732042132 217.49875581550387 217.4058181053164 217.31656888762197 
 217.2316911023778 217.149879301424 217.0710529846221 216.99589005537473 
 216.92323500689517 216.85314091317235 216.78656773094582 216.72256922320406 
 216.66120999033203 216.6035588752331 216.54875679078793 216.49680996443013 
 216.44886987615467 216.40418528114648 216.36273492146077 216.32577775914214 
 216.29270380222638 216.26349161988347 216.2395327468224 216.22040710183205 
 216.20614734192685 216.19832872927438 216.19678996618515 216.20168954302056 
 216.21485307578502 216.23645551326956 216.2668392675806 216.3080886427271 
 216.36068150164087 216.42505140920778 216.50336319471822 216.59610099600204 
 216.70324622151406 216.82605280384342 216.96332570795485 217.1118690634501 
 217.26795646886544 217.42343977259696 217.56665846184205 217.68633165483487 
 217.77067992992025 217.80959556445998 217.79873150458496 217.73908361341407 
 217.63743719423232 217.50518535431098 217.35378003434923 217.19477952884475 
 217.03908530142226 216.89274449128067 216.75905732764585 216.64090900925433 
 216.53817021769078 216.44984032907388 216.37624211890952 216.31592943652316 
 216.26715919163857 216.2300099256171 216.2031265603388 216.18481110802202 
 216.17527724207977 216.1734208420488 216.17765749830184 216.18840038026946 
 216.20491564948827 216.22585997635915 216.2518936919826 216.28261285707086 
 216.3168122270692 216.35526626129638 216.39779045571484 216.44323531673777 
 216.49241262673038 216.54530142849472 216.6007713041821 216.65963398691008 
 216.72201057111664 216.7867788072659 216.8547218564727 216.92607453039653 
 216.99970757519324 217.07636711398263 217.15643280877958 217.23885790619184 
 217.32447751521624 217.4139560463676 217.50639422419042 217.60257794671776 
 217.7031211838548 217.80688911087208 217.91435561512912 218.02603915639816 
 218.14069618407424 218.25865461916007 218.3804842292226 218.5049575237688 
 218.63234228575664 218.76331257320905 218.8966647159914 219.03251281063348 
 219.17144663472905 219.312069570985 219.45414735353927 219.59806258269407 
 219.74220795054745 219.88610893917334 220.03030301635096 220.17381243075565 
 220.31737097617938 220.46344445880098 220.6127284882919 220.76613914672137 
 220.9247906161189 221.0871880836105 221.25223437175836 221.4200411641379 
 221.58889601704942 221.7577504000753 221.92707121930536 222.0957103709879 
 222.26332113480225 222.43146368515627 222.59998069583267 222.7686013316774 
 222.93820078997157 223.10769811728304 223.27608998343706 223.44413594719578 
 223.61105126843088 223.77608849471872 223.9403265812649 224.1032560708727 
 224.26396308616413 224.42308897407761 224.57970817665566 224.73270089062166 
 224.88310055720447 225.03075174545896 225.17500307951593 225.31709964948547 
 225.4570209812303 225.5940348863623 225.7293181319227 225.8628623549175 
 225.9936874603625 226.12261664515066 226.2494470849046 226.37309839721186 
 226.49459378735466 226.61421807140792 226.73116936094564 226.8465541392455 
 226.9607105342365 227.07260915054252 227.1829479659428 227.29166293815422 
 136.4263903707597 1325.9073027932723 1254.4817932115418 1190.5802103470558 
 1133.0432249946045 1080.9464149968378 1033.5277756579096 990.1486981075843 
 950.2655556507168 913.4071525216714 879.1611327918393 1326.289839011153 
 1254.8882492229588 1191.0162604455686 1133.5086902031178 1081.439625077436 
 1034.0468843772874 990.6919278644481 950.8311929296339 913.9932709942061 
 879.7639945923275 937.0837026387225 943.8380499684255 955.761236018535 
 970.827333780887 988.1955650917167 1007.6887977317815 1030.0120168598576 
 1054.379125922205 1079.931409120175 1105.58220329347 1129.7476029429454 
 1150.817139791939 1166.9086234974961 1174.1993758420217 643.4856734206328 
 379.4768169643072 385.8495332804427 392.1213029263427 398.2410767624658 
 404.2373684401914 410.14359507646657 415.9748052622232 421.7051943848656 
 427.2385879077602 432.3684594591213 436.73320854878364 439.795533048944 
 440.90908681239205 439.5285459718909 435.48678894246166 429.106656757497 
 421.03093155159524 411.9434165882817 402.3914196266041 392.7435183722389 
 383.2151553944671 373.90459597057765 364.81514947371153 355.8597787955869 
 346.85706221755214 337.5446761375383 327.6512629360713 317.0316734676128 
 184.84259231244414 725.497244217935 730.295187027218 737.5731249125864 
 746.7963838879895 655.1395795829213 664.7460714384011 673.7414070139582 
 443.41404913363084 877.2700896161709 837.2928542483818 805.5008974226937 
 779.543385764253 758.4526146675838 741.5259394712201 728.1888860726165 
 717.9652815936549 710.4555274527632 705.3194931941795 702.262896841394 
 701.0269267694741 701.3831402728265 703.1641177635321 706.8536673373164 
 712.8498846364898 720.7785532557307 730.045174266832 739.7780892540171 
 748.4500256922919 755.3842146844823 114.06961221538994 951.3183759429802 
 959.0106741279131 971.7148153141371 987.5403287558926 1005.7163511238133 
 1026.0141741790264 1048.762656645711 1073.140028512364 1098.2931902202145 
 1123.165861696335 1146.7616687365899 1167.5702746199133 1183.0387849520257 
 1189.2596033005564 651.100284409672 312.238517925482 323.3336457757735 
 333.7366403298096 343.45585686127265 352.70223356929114 361.7564766665638 
 370.85267106609126 380.1341005289578 389.65119872988714 399.364101160462 
 409.13133034132676 418.68078006566077 427.57333957152855 435.1956046237001 
 440.8504006132669 443.9894363580086 444.47997116372215 442.66850819529395 
 439.1741165003629 434.6157938270775 429.4611670144083 424.003843822205 
 418.3992105880932 412.7088121296535 406.93577717130825 401.0503952732763 
 395.0106952663465 388.7824770957221 230.30057705959905 729.7230202442058 
 734.6374107548268 742.0243284818622 751.3435009507186 659.1360048854327 
 668.7827332119208 677.7857535438654 446.0232556292695 879.4426400074765 
 839.6266536627609 807.9949424120459 782.195991622076 761.2612158009733 
 744.4873730872205 731.2995318537887 721.2211169913274 713.8521622709694 
 708.8522167888608 705.9267743855039 704.8170152281234 705.2949905042674 
 707.1946295965845 710.9976001065576 717.1001129846551 725.1274890243494 
 734.4781456862277 744.272719860125 752.9763718525302 759.8975519377167 
 114.74112542266849 54.478246855876634 54.44301612054096 54.40710861228907 
 54.370389863950685 54.33284249914268 54.29445330175348 54.25518612291642 
 54.21497352380713 54.17371068856856 54.13124106602991 54.087312218446094 
 54.04139409706659 102.478744068267 102.38799908442435 102.2978284582896 
 102.20720424936867 102.11559734470224 102.02265311781764 101.92808579537272 
 101.83160452441997 101.73283213822359 101.6311801017846 101.5255798331328 
 101.41354700879155 215.6019732794778 215.35919576698743 215.12230814312397 
 214.88560797714143 214.64745682368613 214.40750716843084 214.16592771722253 
 213.92318113572642 213.68007784531906 213.43816236442237 213.20090745196322 
 212.9779636103403 103.38967516148077 103.28645454746881 103.17660197229182 
 103.06391024435695 102.95020769149464 102.83675084844036 102.72464944311996 
 102.61509666297516 102.50955246339555 102.40994547976507 102.3190235178132 
 102.24167391619505 18.46971121809922 18.45616140651177 18.441050873647004 
 18.425172492849878 18.408873658569618 18.39236131931949 18.37577875293869 
 18.359233926638886 18.34281260244921 18.326586072646975 18.310617420984894 
 18.294972912307273 15.691539958176778 15.678669268687734 15.666067331993137 
 15.653771265695461 15.641804898498998 15.630186590507623 15.618931704173566 
 15.608053914586092 15.597566426249356 15.587484305624242 15.577830029413915 
 15.568654635505998 9.040212821799601 9.03528923547927 9.030491658523541 
 9.025846716005539 9.021363432523223 9.01704539421519 9.012893944188937 
 9.008909411745057 9.005091618635916 9.001440218080244 8.997954825918853 
 8.99463459895692 9.265313956633884 9.26224362325122 9.259355723305125 
 9.256652450030762 9.254137889486657 9.251817463732316 9.249697847588536 
 9.247786917070218 9.246093474418261 9.244626746226078 9.243394966718515 
 9.242399615505903 11.80281689652673 11.80229685736871 11.802228022450873 
 11.802614285886984 11.803467698519514 11.80479953395045 11.80661612514 
 11.808915187963017 11.811681617848016 11.814882940514865 11.818465126029329 
 11.822352070419502 10.083943470935871 10.087386907528316 10.090644885318417 
 10.093553110354982 10.095940183830454 10.097650935423529 10.09856741884017 
 10.09862617449826 10.09782813641102 10.096238733512726 10.09397826679396 
 10.091205351183069 9.96370481667614 9.960470114233242 9.957228257736137 
 9.9541109488811 9.951220598762996 9.948631377074088 9.946392725279363 
 9.944533984699444 9.943068991215423 9.942000343653449 9.941323329703351 
 9.94103035774929 9.172281935024701 9.172656112110214 9.173318296168542 
 9.174256194074136 9.17545579293107 9.176903327827539 9.178585915035756 
 9.180491912081475 9.182611021139053 9.184934357874477 9.187454642726241 
 9.190166664533459 8.919863320949498 8.922845476100308 8.925994388414518 
 8.929308872782343 8.932787594639507 8.936429391340218 8.940233122728225 
 8.944197416732225 8.94832002137734 8.95259643344189 8.957016463041896 
 8.961550581125739 16.159353816239268 16.168251585805926 16.17766626598356 
 16.187541516070922 16.19785521054818 16.208594692927438 16.219750313379695 
 16.23131306134047 16.243273230553132 16.255619159469504 16.268335337956387 
 16.28139558345028 18.427406631830863 18.443005321649956 18.45903776372657 
 18.475465025068036 18.492256239806157 18.50938076741115 18.526805700059718 
 18.544494449498753 18.56240479824832 18.580484701674482 18.598661400397713 
 18.61679790283311 32.59561884896513 32.627984367539604 32.66104403955785 
 32.69452552227099 32.728251599279325 32.762060159559695 32.795778758499544 
 32.82920750107769 32.86209661367602 32.8941016346673 32.92466494776223 
 32.95254069973964 124.29662869889657 124.40515121389618 124.52742348412234 
 124.6571405921079 124.79098260531315 124.92691696506722 125.06364576321752 
 125.20031426234416 125.33632624662486 125.47120868008791 125.60448373495909 
 125.73542508366522 141.9054692007819 142.050033473596 142.1938922202538 
 142.33625040764883 142.47675455098707 142.6152530929484 142.75174989710644 
 142.8864280024798 143.01973339736526 143.15254170439533 143.28650330504732 
 143.42507399483677 39.02835211107572 39.06474052599046 39.09880335916196 
 39.13131192161456 39.1626103116481 39.19290283754277 39.22232563239385 
 39.25097261676067 39.27890704892513 39.30616669513927 39.332766847738746 
 39.35870574668832 39.383982264838295 39.40866553302478
 RCENTR = 0.4
 ISHOT = 48224
 ITIME = 300
 BRSP = 8*1694.380695593118 6*0.0 2*1690.6991794046305 2*-2058.2245457183285 
 4*0.0 4*-1313.4652588982103
 BITFC = 8*0.1694380695593118 6*0.0 2*0.16906991794046308 
 2*0.20582245457183285 4*0.0 4*0.13134652588982104
 FWTFC = 26*1.0
 EXPMP2 = -0.09738785901460818 -0.09560630663765926 -0.09289946462603631 
 -0.08897494746955148 -0.08355255434228451 -0.07642539234441365 
 -0.06753475326416503 -0.057044264178926087 -0.045392557336029066 
 -0.027385096292630903 -0.016472978858872805 -0.007688365361336422 
 -0.0019801326693244803 0.0 -0.0019801326693244803 -0.007688365361336422 
 -0.016472978858872805 -0.027385096292630903 -0.045392557336029066 
 -0.057044264178926087 -0.06753475326416503 -0.07642539234441365 
 -0.08355255434228451 -0.08897494746955148 -0.09289946462603631 
 -0.09560630663765926 -0.09738785901460818 -0.08897494746955148 
 -0.08355255434228451 -0.07642539234441365 -0.06753475326416503 
 -0.057044264178926087 -0.045392557336029066 -0.03330231891415256 
 -0.011750309741540468 -0.004400251816690001 2*-0.0004987520807317736 
 -0.004400251816690001 -0.011750309741540468 -0.021729546175813186 
 -0.03330231891415256 -0.045392557336029066 -0.057044264178926087 
 -0.06753475326416503 -0.07642539234441365 -0.08355255434228451 
 -0.08897494746955148 -0.09998282461137925 -0.0999926795085407 
 -0.09999700220366135 -0.0999988205155161 -0.09999955412763054 
 -0.09999983805889108 -0.09999994348914498 -0.09999998105324373 
 -0.09998282461137925 -0.0999926795085407 -0.09999700220366135 
 -0.0999988205155161 -0.09999955412763054 -0.09999983805889108 
 -0.09999994348914498 -0.09999998105324373
 BITMPI = 64*100.0
 COILS = 3.8784545097969997e-05 -0.007297428258920939 -0.007201875921174695 
 -0.005201018524653766 0.0017579617075148375 0.0017552660722595747 
 0.0017905968806370609 0.002213081413662334 0.0019618705776442715 
 -0.0005656347096389685 0.001568278152655865
 PSIBIT = 4*0.0 3*10.0 3*0.0 10.0
 FWTSI = 4*0 3*1 3*0 1
 FWTMP2 = 64*1
PLASMA= 143167.3914070094
 BITIP = 1000.0
 FWTCUR = 1.0
 DFLUX = -7.340653820799214
 SIGDLC = 10000000.0
 FWTDLC = 1
 BTOR = 0.15086964300016498
 RELAX = 1.0
 ERROR = 1e-05
 MXITER = -100
 NBDRY = 0
KPRFIT= 1
NPRESS= 6
KPRESSB= 0
RPRESS= 4.750000e-01 4.250000e-01 3.700000e-01 3.100000e-01 2.550000e-01
 -1.000000e+00
ZPRESS= 0.000000e+00 0.000000e+00 0.000000e+00 0.000000e+00 0.000000e+00
 0.000000e+00
PRESSR= 1.190397e+02 1.487275e+02 1.381869e+02 1.379754e+02 7.630740e+01
 0.000000e+00
SIGPRE= 3.945353e+01 5.139756e+01 5.613017e+01 5.069568e+01 3.809091e+01
 7.436373e+00
FWTPRE= 1.000000e+00 1.000000e+00 1.000000e+00 1.000000e+00 1.000000e+00
 1.000000e+00
 /
 &INWANT
 KCCOILS = 22
 NCCOIL = 0
 XCOILS = 22*0.0
 CCOILS(1,1) = 1.0 -1.0 24*0.0
 CCOILS(1,2) = 1.0 0.0 -1.0 23*0.0
 CCOILS(1,3) = 1.0 2*0.0 -1.0 22*0.0
 CCOILS(1,4) = 1.0 3*0.0 -1.0 21*0.0
 CCOILS(1,5) = 1.0 4*0.0 -1.0 20*0.0
 CCOILS(1,6) = 1.0 5*0.0 -1.0 19*0.0
 CCOILS(1,7) = 1.0 6*0.0 -1.0 18*0.0
 CCOILS(1,8) = 8*0.0 1.0 -1.0 16*0.0
 CCOILS(1,9) = 10*0.0 1.0 -1.0 14*0.0
 CCOILS(1,10) = 12*0.0 1.0 -1.0 12*0.0
 CCOILS(1,11) = 14*0.0 1.0 -1.0 10*0.0
 CCOILS(1,12) = 16*0.0 1.0 -1.0 8*0.0
 CCOILS(1,13) = 18*0.0 1.0 -1.0 6*0.0
 CCOILS(1,14) = 20*0.0 1.0 -1.0 4*0.0
 CCOILS(1,15) = 22*0.0 1.0 -1.0 2*0.0
 CCOILS(1,16) = 24*0.0 1.0 -1.0
 CCOILS(1,17) = 23*0.0 1.0 -1.0 0.0
 CCOILS(1,18) = 8*0.0 1.0 17*0.0
 CCOILS(1,19) = 10*0.0 1.0 15*0.0
 CCOILS(1,20) = 12*0.0 1.0 13*0.0
 CCOILS(1,21) = 18*0.0 1.0 7*0.0
 CCOILS(1,22) = 20*0.0 1.0 5*0.0
 /
                                            MAG
