  VFIT     02/23/2026    # 20000  15100           0  50  60
 6.800000000e-01 2.360000000e+00 4.000000000e-01 9.000000000e-02 0.000000000e+00
 4.400000000e-01-0.000000000e+00 1.924424118e-02 8.927120825e-03 1.527391963e-01
-1.993154320e+05 1.924424118e-02 0.000000000e+00 4.400000000e-01 0.000000000e+00
-0.000000000e+00 0.000000000e+00 8.927120825e-03 0.000000000e+00 0.000000000e+00
 9.639565792e-02 9.519538880e-02 9.400501420e-02 9.282491475e-02 9.165548736e-02
 9.049714575e-02 8.935032106e-02 8.821546247e-02 8.709303775e-02 8.598353383e-02
 8.488745735e-02 8.380533516e-02 8.273771478e-02 8.168516483e-02 8.064827536e-02
 7.962765817e-02 7.862394693e-02 7.763779735e-02 7.666988707e-02 7.572091554e-02
 7.479160365e-02 7.388269326e-02 7.299494648e-02 7.212914472e-02 7.128608760e-02
 7.046659146e-02 6.967148771e-02 6.890162079e-02 6.815784588e-02 6.744102626e-02
 6.675203031e-02 6.609172821e-02 6.546098828e-02 6.486067294e-02 6.429163447e-02
 6.375471034e-02 6.325071841e-02 6.278045180e-02 6.234467368e-02 6.194411195e-02
 6.157945383e-02 6.125134059e-02 6.096036231e-02 6.070705298e-02 6.049188583e-02
 6.031526905e-02 6.017754208e-02 6.007897236e-02 6.001975283e-02 6.000000000e-02
 5.403646138e+02 5.248559600e+02 5.092760232e+02 4.936412705e+02 4.779681689e+02
 4.622731854e+02 4.465727870e+02 4.308834407e+02 4.152216136e+02 3.996037726e+02
 3.840463847e+02 3.685659169e+02 3.531788363e+02 3.379016099e+02 3.227507046e+02
 3.077425875e+02 2.928937256e+02 2.782205859e+02 2.637396353e+02 2.494673410e+02
 2.354201699e+02 2.216145889e+02 2.080670653e+02 1.947940658e+02 1.818120576e+02
 1.691375076e+02 1.567868829e+02 1.447766504e+02 1.331232772e+02 1.218432302e+02
 1.109529766e+02 1.004689832e+02 9.040771715e+01 8.078564538e+01 7.161923492e+01
 6.292495278e+01 5.471926596e+01 4.701864147e+01 3.983954631e+01 3.319844751e+01
 2.711181205e+01 2.159610696e+01 1.666779923e+01 1.234335587e+01 8.639243901e+00
 5.571930315e+00 3.157882125e+00 1.413566338e+00 3.554499603e-01 0.000000000e+00
-5.634039979e-03-5.517874206e-03-5.401708433e-03-5.285542660e-03-5.169376888e-03
-5.053211115e-03-4.937045342e-03-4.820879569e-03-4.704713797e-03-4.588548024e-03
-4.472382251e-03-4.356216478e-03-4.240050706e-03-4.123884933e-03-4.007719160e-03
-3.891553387e-03-3.775387614e-03-3.659221842e-03-3.543056069e-03-3.426890296e-03
-3.310724523e-03-3.194558751e-03-3.078392978e-03-2.962227205e-03-2.846061432e-03
-2.729895660e-03-2.613729887e-03-2.497564114e-03-2.381398341e-03-2.265232569e-03
-2.149066796e-03-2.032901023e-03-1.916735250e-03-1.800569478e-03-1.684403705e-03
-1.568237932e-03-1.452072159e-03-1.335906387e-03-1.219740614e-03-1.103574841e-03
-9.874090684e-04-8.712432957e-04-7.550775229e-04-6.389117501e-04-5.227459774e-04
-4.065802046e-04-2.904144319e-04-1.742486591e-04-5.808288638e-05 0.000000000e+00
-7.599240388e+02-7.634169020e+02-7.661028818e+02-7.679819782e+02-7.690541913e+02
-7.693195211e+02-7.687779675e+02-7.674295305e+02-7.652742102e+02-7.623120065e+02
-7.585429195e+02-7.539669491e+02-7.485840954e+02-7.423943583e+02-7.353977379e+02
-7.275942341e+02-7.189838469e+02-7.095665764e+02-6.993424226e+02-6.883113854e+02
-6.764734649e+02-6.638286609e+02-6.503769737e+02-6.361184031e+02-6.210529491e+02
-6.051806118e+02-5.885013911e+02-5.710152871e+02-5.527222997e+02-5.336224290e+02
-5.137156749e+02-4.930020375e+02-4.714815167e+02-4.491541125e+02-4.260198251e+02
-4.020786542e+02-3.773306000e+02-3.517756624e+02-3.254138415e+02-2.982451373e+02
-2.702695497e+02-2.414870787e+02-2.118977244e+02-1.815014867e+02-1.502983657e+02
-1.182883613e+02-8.547147358e+01-5.184770249e+01-1.741704806e+01 0.000000000e+00
 0.000000000e+00-1.289477358e-03-1.052929919e-03 1.793949630e-04 1.877249934e-03
 3.510387641e-03 4.550672957e-03 4.767167525e-03 4.529993248e-03 4.277663110e-03
 4.233217607e-03 4.302712682e-03 4.369455682e-03 4.386353563e-03 4.381464654e-03
 4.385207981e-03 4.406416951e-03 4.436786408e-03 4.468252469e-03 4.499966286e-03
 4.535268403e-03 4.576861030e-03 4.622715572e-03 4.668819092e-03 4.713673638e-03
 4.767819420e-03 4.845382578e-03 4.947776461e-03 5.033760795e-03 5.053380454e-03
 5.021076531e-03 5.104814552e-03 5.491155259e-03 6.058569924e-03 6.154934654e-03
 5.096458234e-03 2.954242237e-03 7.501578766e-04-4.766981056e-04-5.599654084e-04
-1.415472117e-04 1.445220730e-04 1.432975538e-04 2.549881072e-05-4.775624720e-05
-4.653172804e-05-5.755240048e-06 3.918461309e-05 5.289922767e-05 0.000000000e+00
 0.000000000e+00-1.553569660e-03-1.267501712e-03 2.157063734e-04 2.253557123e-03
 4.203553066e-03 5.425768604e-03 5.642149053e-03 5.306499029e-03 4.955864342e-03
 4.863215673e-03 4.913039115e-03 4.961942258e-03 4.951866795e-03 4.916895385e-03
 4.894010785e-03 4.893819921e-03 4.905987818e-03 4.920467947e-03 4.935965524e-03
 4.956267456e-03 4.984452905e-03 5.018319004e-03 5.053447324e-03 5.088099862e-03
 5.133370303e-03 5.204174661e-03 5.301985649e-03 5.383171372e-03 5.394884227e-03
 5.352350903e-03 5.433091265e-03 5.834282268e-03 6.427396932e-03 6.522977292e-03
 5.398096102e-03 3.128189504e-03 7.942134811e-04-5.046831033e-04-5.928386892e-04
-1.498568701e-04 1.530063733e-04 1.517099676e-04 2.699574170e-05-5.055982132e-05
-4.926341565e-05-6.093106672e-06 4.148498160e-05 5.600472516e-05 0.000000000e+00
 0.000000000e+00-1.756179742e-03-1.432461824e-03 2.437010278e-04 2.544856085e-03
 4.743550622e-03 6.115245738e-03 6.345387201e-03 5.948586884e-03 5.533764473e-03
 5.410601609e-03 5.448566705e-03 5.485531336e-03 5.455900232e-03 5.398311460e-03
 5.354680700e-03 5.337037921e-03 5.333684409e-03 5.333237927e-03 5.334127797e-03
 5.340480418e-03 5.355666284e-03 5.377391653e-03 5.400986907e-03 5.424541533e-03
 5.459354918e-03 5.520661444e-03 5.609879341e-03 5.682071237e-03 5.682827786e-03
 5.627506000e-03 5.697790065e-03 6.095502992e-03 6.688110678e-03 6.767245433e-03
 5.590252239e-03 3.236633207e-03 8.213779358e-04-5.219100860e-04-6.130747973e-04
-1.549721230e-04 1.582291321e-04 1.568884746e-04 2.791722128e-05-5.228564325e-05
-5.094498573e-05-6.301090340e-06 4.290104061e-05 5.791640483e-05 0.000000000e+00
 0.000000000e+00-1.897935811e-03-1.548194334e-03 2.634147692e-04 2.751081838e-03
 5.128997211e-03 6.614494862e-03 6.867228245e-03 6.441411870e-03 5.993020484e-03
 5.855950267e-03 5.890283164e-03 5.922085751e-03 5.881146304e-03 5.809248383e-03
 5.751691282e-03 5.721569649e-03 5.706408264e-03 5.694061955e-03 5.682847338e-03
 5.677155660e-03 5.680590610e-03 5.690842713e-03 5.703122206e-03 5.715427227e-03
 5.739105000e-03 5.789479197e-03 5.867892934e-03 5.928782115e-03 5.916997165e-03
 5.847754848e-03 5.904029470e-03 6.289099290e-03 6.868355264e-03 6.925275036e-03
 5.708773437e-03 3.301744040e-03 8.374569506e-04-5.320849426e-04-6.250269482e-04
-1.579933697e-04 1.613138756e-04 1.599470814e-04 2.846147925e-05-5.330497385e-05
-5.193817965e-05-6.423932746e-06 4.373741444e-05 5.904550949e-05 0.000000000e+00
 0.000000000e+00-1.993824693e-03-1.626701233e-03 2.768383630e-04 2.892262073e-03
 5.395037879e-03 6.963926738e-03 7.241021893e-03 6.805474616e-03 6.343047554e-03
 6.203009708e-03 6.239609617e-03 6.271554457e-03 6.225820073e-03 6.146287270e-03
 6.080502168e-03 6.042323284e-03 6.018861819e-03 5.997566123e-03 5.976746204e-03
 5.961018879e-03 5.954191105e-03 5.953984146e-03 5.955566604e-03 5.956920283e-03
 5.969497992e-03 6.008765310e-03 6.076073174e-03 6.125415446e-03 6.101108226e-03
 6.018403938e-03 6.061671451e-03 6.435744504e-03 7.004544073e-03 7.044867342e-03
 5.798688419e-03 3.351214219e-03 8.496834691e-04-5.398228882e-04-6.341165206e-04
-1.602910181e-04 1.636598131e-04 1.622731420e-04 2.887538568e-05-5.408017149e-05
-5.269350042e-05-6.517354000e-06 4.437347404e-05 5.990418995e-05 0.000000000e+00
 0.000000000e+00-2.058652403e-03-1.679911978e-03 2.859674658e-04 2.988732122e-03
 5.578128182e-03 7.207292346e-03 7.506416118e-03 7.070501904e-03 6.604335077e-03
 6.466978370e-03 6.508897142e-03 6.544039821e-03 6.497572259e-03 6.414749244e-03
 6.344588667e-03 6.301471316e-03 6.272276785e-03 6.244227341e-03 6.215672857e-03
 6.191424437e-03 6.175466809e-03 6.165572706e-03 6.156909228e-03 6.147498808e-03
 6.149036892e-03 6.177291871e-03 6.233745893e-03 6.271948249e-03 6.235653141e-03
 6.140511800e-03 6.173582285e-03 6.542667796e-03 7.110294667e-03 7.144349519e-03
 5.877439576e-03 3.395816444e-03 8.608766781e-04-5.469232966e-04-6.424571937e-04
-1.623993609e-04 1.658124663e-04 1.644075561e-04 2.925518994e-05-5.479149979e-05
-5.338658954e-05-6.603078180e-06 4.495712804e-05 6.069212285e-05 0.000000000e+00
 0.000000000e+00-2.103197983e-03-1.716551588e-03 2.922710136e-04 3.055601653e-03
 5.705772162e-03 7.378570068e-03 7.696010574e-03 7.263471281e-03 6.798234074e-03
 6.665754783e-03 6.713913047e-03 6.753427497e-03 6.708213517e-03 6.624412635e-03
 6.551996283e-03 6.505679628e-03 6.472185041e-03 6.438582698e-03 6.403259203e-03
 6.371172031e-03 6.346441821e-03 6.326896223e-03 6.307723280e-03 6.287011334e-03
 6.276736956e-03 6.293013789e-03 6.337529552e-03 6.363570448e-03 6.314532755e-03
 6.206685674e-03 6.230031832e-03 6.595610365e-03 7.165291444e-03 7.199602507e-03
 5.923336685e-03 3.422476733e-03 8.676534046e-04-5.512303189e-04-6.475165457e-04
-1.636782562e-04 1.671182399e-04 1.657022660e-04 2.948557463e-05-5.522298299e-05
-5.380700907e-05-6.655077438e-06 4.531116553e-05 6.117007347e-05-3.469446952e-20
 0.000000000e+00-2.134633664e-03-1.742450298e-03 2.967363071e-04 3.103112358e-03
 5.796864064e-03 7.501678379e-03 7.833808415e-03 7.405688822e-03 6.943124699e-03
 6.815894268e-03 6.870019683e-03 6.913919301e-03 6.870584051e-03 6.786716574e-03
 6.712896789e-03 6.664032794e-03 6.626709945e-03 6.587864662e-03 6.545874681e-03
 6.505761122e-03 6.471708656e-03 6.441605491e-03 6.410698773e-03 6.377132483e-03
 6.352922321e-03 6.354216155e-03 6.382848841e-03 6.392632533e-03 6.327567829e-03
 6.204241065e-03 6.212287317e-03 6.562306649e-03 7.118029794e-03 7.145805219e-03
 5.876437539e-03 3.394619300e-03 8.604947434e-04-5.466732517e-04-6.421634722e-04
-1.623251144e-04 1.657366594e-04 1.643323915e-04 2.924181491e-05-5.476644997e-05
-5.336218202e-05-6.600059355e-06 4.493657433e-05 6.066437535e-05 0.000000000e+00
 0.000000000e+00-2.157682766e-03-1.761463156e-03 3.000197436e-04 3.138126844e-03
 5.864219058e-03 7.593190554e-03 7.937075623e-03 7.513340641e-03 7.053880415e-03
 6.931530328e-03 6.990908469e-03 7.038709528e-03 6.997195092e-03 6.913412099e-03
 6.838319683e-03 6.786915465e-03 6.745644312e-03 6.701301322e-03 6.652178569e-03
 6.603243828e-03 6.558646476e-03 6.516360458e-03 6.471769425e-03 6.423038668e-03
 6.381654473e-03 6.363071254e-03 6.369066938e-03 6.355532422e-03 6.268983625e-03
 6.125365340e-03 6.106144954e-03 6.412846275e-03 6.915472774e-03 6.913079848e-03
 5.670801092e-03 3.271660761e-03 8.287970884e-04-5.264857883e-04-6.184497610e-04
-1.563307982e-04 1.596163623e-04 1.582639509e-04 2.816197780e-05-5.274404316e-05
-5.139163180e-05-6.356333407e-06 4.327716362e-05 5.842417089e-05 0.000000000e+00
 0.000000000e+00-2.175552232e-03-1.776217739e-03 3.025710521e-04 3.165381714e-03
 5.916781819e-03 7.664897087e-03 8.018495588e-03 7.598860489e-03 7.142513348e-03
 7.024587791e-03 7.088574646e-03 7.139795718e-03 7.099897509e-03 7.016130113e-03
 6.939682831e-03 6.885568947e-03 6.840078688e-03 6.789847132e-03 6.732999436e-03
 6.674332449e-03 6.617860324e-03 6.561666928e-03 6.501348654e-03 6.435047501e-03
 6.373097998e-03 6.329466658e-03 6.305637627e-03 6.261214483e-03 6.147243749e-03
 5.977955760e-03 5.918214838e-03 6.151131113e-03 6.557581428e-03 6.497933058e-03
 5.301793446e-03 3.050406588e-03 7.716849628e-04-4.901055405e-04-5.757147888e-04
-1.455283164e-04 1.485868475e-04 1.473278879e-04 2.621598086e-05-4.909942178e-05
-4.784046225e-05-5.917109805e-06 4.028670505e-05 5.438705182e-05 0.000000000e+00
 0.000000000e+00-2.190543843e-03-1.788607050e-03 3.047158494e-04 3.188330325e-03
 5.961141846e-03 7.725634693e-03 8.087843035e-03 7.672196434e-03 7.219035149e-03
 7.105371985e-03 7.173723693e-03 7.228233128e-03 7.189991419e-03 7.106366606e-03
 7.028688228e-03 6.971934289e-03 6.922220372e-03 6.865998895e-03 6.801170012e-03
 6.732280993e-03 6.663141085e-03 6.591937648e-03 6.514499926e-03 6.428904299e-03
 6.343992744e-03 6.271814168e-03 6.213424547e-03 6.132996609e-03 5.987166138e-03
 5.787937316e-03 5.679315901e-03 5.821288380e-03 6.108326970e-03 5.977632220e-03
 4.839612484e-03 2.773364432e-03 7.001818804e-04-4.445591813e-04-5.222126133e-04
-1.320041171e-04 1.347784136e-04 1.336364514e-04 2.377968422e-05-4.453652723e-05
-4.339456499e-05-5.367222512e-06 3.654279157e-05 4.933276862e-05 1.734723476e-20
 0.000000000e+00-2.204427869e-03-1.800092317e-03 3.067067014e-04 3.209669231e-03
 6.002495316e-03 7.782482755e-03 8.153144419e-03 7.741778730e-03 7.292211060e-03
 7.183160801e-03 7.256234882e-03 7.314478147e-03 7.278447124e-03 7.195583605e-03
 7.117310842e-03 7.058539155e-03 7.005188304e-03 6.943506534e-03 6.871141122e-03
 6.792358181e-03 6.710730767e-03 6.624520771e-03 6.529762303e-03 6.424439447e-03
 6.315881228e-03 6.214200409e-03 6.120015446e-03 6.002089686e-03 5.822676235e-03
 5.591621946e-03 5.432240009e-03 5.481575802e-03 5.648071524e-03 5.446466401e-03
 4.368679004e-03 2.491322390e-03 6.274185136e-04-3.982128341e-04-4.677707121e-04
-1.182423754e-04 1.207274449e-04 1.197045349e-04 2.130059584e-05-3.989348882e-05
-3.887057885e-05-4.807676858e-06 3.273311903e-05 4.418971069e-05 1.734723476e-20
 0.000000000e+00 4.109642293e-03 6.537282297e-03 7.687112701e-03 7.963326192e-03
 7.770115457e-03 7.510559781e-03 7.431079206e-03 7.461261109e-03 7.493478112e-03
 7.472759796e-03 7.421600124e-03 7.368054384e-03 7.323223478e-03 7.279901514e-03
 7.230298546e-03 7.171741840e-03 7.105621628e-03 7.033329754e-03 6.955142410e-03
 6.870687989e-03 6.779378038e-03 6.679191968e-03 6.567508474e-03 6.443191611e-03
 6.312205873e-03 6.182630737e-03 6.054468155e-03 5.900618675e-03 5.688444902e-03
 5.426028966e-03 5.218530778e-03 5.182856037e-03 5.240083108e-03 4.974034312e-03
 3.949228553e-03 2.239955612e-03 5.625496541e-04-3.568930716e-04-4.192334147e-04
-1.059731905e-04 1.082004017e-04 1.072836320e-04 1.909038189e-05-3.575402031e-05
-3.483725056e-05-4.308817833e-06 2.933663205e-05 3.960445327e-05 0.000000000e+00
 0.000000000e+00 4.126604398e-03 6.567594223e-03 7.728061630e-03 8.013098774e-03
 7.827797810e-03 7.576134642e-03 7.505024936e-03 7.543740713e-03 7.584243748e-03
 7.571275162e-03 7.527220509e-03 7.480039153e-03 7.440684955e-03 7.401749785e-03
 7.355240246e-03 7.298304146e-03 7.232171316e-03 7.158066766e-03 7.076029552e-03
 6.985410104e-03 6.885377493e-03 6.773915428e-03 6.648510414e-03 6.507927721e-03
 6.357045164e-03 6.202561270e-03 6.044179907e-03 5.858136721e-03 5.615871719e-03
 5.324053815e-03 5.073339755e-03 4.964547970e-03 4.929050681e-03 4.606397934e-03
 3.619672458e-03 2.041607126e-03 5.112585465e-04-3.242123097e-04-3.808441366e-04
-9.626920669e-05 9.829247178e-05 9.745965080e-05 1.734227223e-05-3.248001834e-05
-3.164719735e-05-3.914258620e-06 2.665027146e-05 3.597786647e-05 0.000000000e+00
 0.000000000e+00 4.146500410e-03 6.603219644e-03 7.776325153e-03 8.071984391e-03
 7.896364811e-03 7.654514255e-03 7.593947887e-03 7.643581747e-03 7.694909116e-03
 7.692346763e-03 7.658167934e-03 7.620234442e-03 7.589343788e-03 7.557867989e-03
 7.517592239e-03 7.465468075e-03 7.402549009e-03 7.329879959e-03 7.247276108e-03
 7.153838594e-03 7.048514076e-03 6.929250291e-03 6.793575977e-03 6.640156469e-03
 6.473089696e-03 6.298091763e-03 6.114650119e-03 5.901354067e-03 5.632522453e-03
 5.313845463e-03 5.025804432e-03 4.857929546e-03 4.748848352e-03 4.377302175e-03
 3.407580204e-03 1.912148352e-03 4.775614809e-04-3.027214493e-04-3.555993574e-04
-8.988786946e-05 9.177701964e-05 9.099940334e-05 1.619271579e-05-3.032703550e-05
-2.954941920e-05-3.654796585e-06 2.488372143e-05 3.359302393e-05 0.000000000e+00
 7.709203343e-03 7.722400426e-03 7.736679032e-03 7.751465887e-03 7.766187716e-03
 7.780271245e-03 7.793142798e-03 7.804172135e-03 7.812614618e-03 7.817710881e-03
 7.818653059e-03 7.814561935e-03 7.804550929e-03 7.787689698e-03 7.763000639e-03
 7.729502554e-03 7.686194668e-03 7.632060661e-03 7.566084157e-03 7.487252513e-03
 7.394555260e-03 7.286983914e-03 7.163543442e-03 7.023244454e-03 6.865096312e-03
 6.688102333e-03 6.491264029e-03 6.273568404e-03 6.033953787e-03 5.771348148e-03
 5.484631707e-03 5.172570846e-03 4.833914501e-03 4.467343379e-03 4.071420674e-03
 3.644692713e-03 3.185515296e-03 2.692004258e-03 2.162249519e-03 1.594127615e-03
 9.853174542e-04 3.334734008e-04-3.639637269e-04-1.109698269e-03-1.906481825e-03
-2.757434736e-03-3.665859674e-03-4.635060606e-03-5.668341498e-03-6.769006317e-03
 7.743617417e-03 7.768085287e-03 7.794979930e-03 7.823614187e-03 7.853300904e-03
 7.883352923e-03 7.913082505e-03 7.941719941e-03 7.968329737e-03 7.991955127e-03
 8.011572575e-03 8.026060321e-03 8.034286657e-03 8.035064555e-03 8.027147251e-03
 8.009284469e-03 7.980217406e-03 7.938680489e-03 7.883411652e-03 7.813186201e-03
 7.726801140e-03 7.623063032e-03 7.500842148e-03 7.359035479e-03 7.196549060e-03
 7.012331664e-03 6.805344796e-03 6.574543045e-03 6.318857770e-03 6.037215330e-03
 5.728501611e-03 5.391506024e-03 5.025002718e-03 4.627669277e-03 4.198016986e-03
 3.734535353e-03 3.235520367e-03 2.699024280e-03 2.123065734e-03 1.505300039e-03
 8.430460102e-04 1.335737770e-04-6.262962626e-04-1.440049418e-03-2.311362664e-03
-3.245453375e-03-4.248300579e-03-5.325888717e-03-6.484202232e-03-7.729225563e-03
 7.785459024e-03 7.823602382e-03 7.865974727e-03 7.911764586e-03 7.960160486e-03
 8.010350951e-03 8.061523728e-03 8.112756564e-03 8.162904752e-03 8.210794774e-03
 8.255149794e-03 8.294540985e-03 8.327524521e-03 8.352581409e-03 8.368111497e-03
 8.372511493e-03 8.364192184e-03 8.341575534e-03 8.303093343e-03 8.247273767e-03
 8.172700911e-03 8.077982332e-03 7.961881652e-03 7.823227958e-03 7.660877343e-03
 7.473813735e-03 7.261059169e-03 7.021638323e-03 6.754584733e-03 6.458933676e-03
 6.133687142e-03 5.777767771e-03 5.390085379e-03 4.969448242e-03 4.514489769e-03
 4.023820531e-03 3.495849759e-03 2.928733096e-03 2.320588323e-03 1.669096935e-03
 9.715363728e-04 2.251242664e-04-5.734785924e-04-1.427989927e-03-2.342393106e-03
-3.322813608e-03-4.376436084e-03-5.510452716e-03-6.732055681e-03-8.048437162e-03
 7.835782209e-03 7.890481981e-03 7.951717807e-03 8.018570403e-03 8.090120482e-03
 8.165448760e-03 8.243634923e-03 8.323614125e-03 8.404029211e-03 8.483484224e-03
 8.560398079e-03 8.632917346e-03 8.699162558e-03 8.757141928e-03 8.804742382e-03
 8.839848942e-03 8.860411293e-03 8.864430467e-03 8.849927489e-03 8.815111318e-03
 8.758300037e-03 8.677860871e-03 8.572488802e-03 8.441016286e-03 8.282336300e-03
 8.095628461e-03 7.880157828e-03 7.635191415e-03 7.360002759e-03 7.053866689e-03
 6.716035782e-03 6.345709577e-03 5.942078746e-03 5.504242239e-03 5.031141036e-03
 4.521695455e-03 3.974642681e-03 3.388489246e-03 2.761707730e-03 2.092383681e-03
 1.378244207e-03 6.169623847e-04-1.942948545e-04-1.058704634e-03-1.979656734e-03
-2.962249260e-03-4.012425004e-03-5.136132762e-03-6.339321330e-03-7.627939503e-03
 7.895235655e-03 7.969687274e-03 8.053565166e-03 8.145888261e-03 8.245675488e-03
 8.351945774e-03 8.463716894e-03 8.579844248e-03 8.698854837e-03 8.819228264e-03
 8.939036749e-03 9.055753204e-03 9.166796015e-03 9.269409756e-03 9.360651323e-03
 9.437581469e-03 9.497467820e-03 9.537742252e-03 9.555868828e-03 9.549591393e-03
 9.516816248e-03 9.455549103e-03 9.364463579e-03 9.242513454e-03 9.088789555e-03
 8.903032363e-03 8.685175983e-03 8.435087090e-03 8.152406020e-03 7.836725727e-03
 7.487648756e-03 7.104800515e-03 6.687808764e-03 6.236221540e-03 5.749449575e-03
 5.226886203e-03 4.667785861e-03 4.071228052e-03 3.436268492e-03 2.761708891e-03
 2.046115717e-03 1.288019662e-03 4.856153441e-04-3.631310706e-04-1.260338557e-03
-2.208795675e-03-3.211622065e-03-4.271939718e-03-5.392870628e-03-6.577536786e-03
 7.963820663e-03 8.061599628e-03 8.171957949e-03 8.294132904e-03 8.427361774e-03
 8.570881838e-03 8.723927101e-03 8.885270920e-03 9.052755021e-03 9.224100069e-03
 9.396572906e-03 9.566772748e-03 9.731246320e-03 9.886565579e-03 1.002932973e-02
 1.015614764e-02 1.026375882e-02 1.034900645e-02 1.040877374e-02 1.044031970e-02
 1.044112154e-02 1.040876141e-02 1.034152260e-02 1.023798247e-02 1.009684670e-02
 9.917428710e-03 9.699223160e-03 9.442222075e-03 9.148086072e-03 8.818823127e-03
 8.455805313e-03 8.058888662e-03 7.627710170e-03 7.162074642e-03 6.662075884e-03
 6.127831693e-03 5.559293546e-03 4.956203451e-03 4.318285389e-03 3.645169526e-03
 2.936399141e-03 2.191502664e-03 1.409863964e-03 5.907686371e-04-2.664755078e-04
-1.162360998e-03-2.097281637e-03-3.071630524e-03-4.085800759e-03-5.140185443e-03
 8.040645596e-03 8.164611404e-03 8.305129111e-03 8.461639407e-03 8.633582978e-03
 8.820400515e-03 9.021525907e-03 9.235436521e-03 9.458675227e-03 9.687551320e-03
 9.918363447e-03 1.014739459e-02 1.037092126e-02 1.058508154e-02 1.078586408e-02
 1.096926159e-02 1.113144775e-02 1.126873984e-02 1.137750124e-02 1.145452136e-02
 1.149683699e-02 1.150158865e-02 1.146660744e-02 1.139001406e-02 1.127013382e-02
 1.110626389e-02 1.089799114e-02 1.064515138e-02 1.034841527e-02 1.000863109e-02
 9.627429665e-03 9.208307502e-03 8.755016430e-03 8.269945579e-03 7.753137235e-03
 7.204411853e-03 6.623960556e-03 6.012441316e-03 5.370533254e-03 4.698742211e-03
 3.997413547e-03 3.266890139e-03 2.507559422e-03 1.719839125e-03 9.042150975e-04
 6.173310634e-05-8.062842313e-04-1.698512330e-03-2.613626605e-03-3.550302471e-03
 8.123738366e-03 8.274584025e-03 8.448594334e-03 8.644458296e-03 8.860864913e-03
 9.096503188e-03 9.350055969e-03 9.619340288e-03 9.900422124e-03 1.018915533e-02
 1.048134760e-02 1.077273867e-02 1.105905779e-02 1.133589948e-02 1.159871281e-02
 1.184295187e-02 1.206426316e-02 1.225844592e-02 1.242134939e-02 1.254928587e-02
 1.263883654e-02 1.268669765e-02 1.269033169e-02 1.264752256e-02 1.255626410e-02
 1.241554703e-02 1.222465929e-02 1.198323237e-02 1.169205021e-02 1.135213978e-02
 1.096499952e-02 1.053325187e-02 1.005969183e-02 9.547814954e-03 9.002323364e-03
 8.427984109e-03 7.827591201e-03 7.201453646e-03 6.549750187e-03 5.873226393e-03
 5.173152789e-03 4.450809481e-03 3.707348968e-03 2.943837005e-03 2.161413145e-03
 1.361842393e-03 5.471990172e-04-2.804405172e-04-1.118999745e-03-1.966402202e-03
 8.210195125e-03 8.388918062e-03 8.597866385e-03 8.834784529e-03 9.097416931e-03
 9.383508027e-03 9.690797599e-03 1.001637040e-02 1.035598646e-02 1.070524300e-02
 1.105958109e-02 1.141421212e-02 1.176432472e-02 1.210499203e-02 1.243116246e-02
 1.273779077e-02 1.302002812e-02 1.327318169e-02 1.349261255e-02 1.367418354e-02
 1.381404888e-02 1.390848653e-02 1.395459824e-02 1.394983132e-02 1.389185740e-02
 1.377941333e-02 1.361155353e-02 1.338770326e-02 1.310853185e-02 1.277497086e-02
 1.238842601e-02 1.195143348e-02 1.146670488e-02 1.093780760e-02 1.036978293e-02
 9.767812530e-03 9.136883565e-03 8.481738258e-03 7.807000033e-03 7.115217468e-03
 6.407017573e-03 5.683005619e-03 4.944420577e-03 4.192932185e-03 3.430251198e-03
 2.658360174e-03 1.879376062e-03 1.095416765e-03 3.086001893e-04-4.789557620e-04
 8.296712174e-03 8.504367741e-03 8.748307248e-03 9.025538330e-03 9.333068621e-03
 9.667905755e-03 1.002705372e-02 1.040700342e-02 1.080320810e-02 1.121099129e-02
 1.162543927e-02 1.204128933e-02 1.245324689e-02 1.285591239e-02 1.324377297e-02
 1.361132300e-02 1.395325861e-02 1.426443611e-02 1.453976936e-02 1.477470961e-02
 1.496502014e-02 1.510659516e-02 1.519620013e-02 1.523096599e-02 1.520826400e-02
 1.512660683e-02 1.498484739e-02 1.478221324e-02 1.451918868e-02 1.419652321e-02
 1.381553938e-02 1.337892585e-02 1.288957691e-02 1.235090299e-02 1.176720352e-02
 1.114290666e-02 1.048392335e-02 9.798032031e-03 9.093000030e-03 8.373975918e-03
 7.643682987e-03 6.904683970e-03 6.158678364e-03 5.406778872e-03 4.650153607e-03
 3.890522949e-03 3.129880347e-03 2.370221192e-03 1.613540876e-03 8.618347879e-04
 8.379584841e-03 8.616501381e-03 8.893933275e-03 9.208556915e-03 9.557048694e-03
 9.936085005e-03 1.034233852e-02 1.077195924e-02 1.122004002e-02 1.168154138e-02
 1.215117059e-02 1.262326238e-02 1.309211747e-02 1.355192603e-02 1.399675881e-02
 1.442069419e-02 1.481802286e-02 1.518320409e-02 1.551075781e-02 1.579577026e-02
 1.603365655e-02 1.621996967e-02 1.635118044e-02 1.642414467e-02 1.643596849e-02
 1.638494668e-02 1.626972840e-02 1.608936011e-02 1.584422110e-02 1.553497175e-02
 1.516283089e-02 1.473034877e-02 1.424027853e-02 1.369608109e-02 1.310243631e-02
 1.246416589e-02 1.178686573e-02 1.107710675e-02 1.034156611e-02 9.587806601e-03
 8.824211242e-03 8.058798758e-03 7.294650398e-03 6.531491127e-03 5.769146814e-03
 5.008811453e-03 4.252355510e-03 3.501654261e-03 2.758582981e-03 2.025016945e-03
 8.455035701e-03 8.718186944e-03 9.025122349e-03 9.372313092e-03 9.756230349e-03
 1.017334529e-02 1.062012518e-02 1.109248517e-02 1.158522387e-02 1.209300010e-02
 1.261020539e-02 1.313083806e-02 1.364886057e-02 1.415811803e-02 1.465232893e-02
 1.512521957e-02 1.557073795e-02 1.598300806e-02 1.635621720e-02 1.668514381e-02
 1.696490952e-02 1.719077967e-02 1.735897565e-02 1.746611990e-02 1.750909402e-02
 1.748601027e-02 1.739534778e-02 1.723599783e-02 1.700823428e-02 1.671262255e-02
 1.635029076e-02 1.592370862e-02 1.543555109e-02 1.488926939e-02 1.428965173e-02
 1.364163365e-02 1.295070012e-02 1.222302817e-02 1.146493370e-02 1.068463853e-02
 9.892129577e-03 9.097114807e-03 8.304985856e-03 7.518200295e-03 6.739027450e-03
 5.968640984e-03 5.207672807e-03 4.456750977e-03 3.716503551e-03 2.987558589e-03
 8.521196933e-03 8.805346086e-03 9.135655951e-03 9.508490594e-03 9.920214080e-03
 1.036719048e-02 1.084577964e-02 1.135174999e-02 1.187967377e-02 1.242397358e-02
 1.297879279e-02 1.353786396e-02 1.409488212e-02 1.464341908e-02 1.517691366e-02
 1.568881268e-02 1.617279302e-02 1.662271419e-02 1.703250116e-02 1.739669029e-02
 1.771017293e-02 1.796798853e-02 1.816616206e-02 1.830113189e-02 1.836960295e-02
 1.836954591e-02 1.829930875e-02 1.815765966e-02 1.794477632e-02 1.766113366e-02
 1.730778729e-02 1.688717720e-02 1.640195457e-02 1.585552298e-02 1.525258190e-02
 1.459797880e-02 1.389728371e-02 1.315697671e-02 1.238365769e-02 1.158516920e-02
 1.077050466e-02 9.948609989e-03 9.127295534e-03 8.313599742e-03 7.513951248e-03
 6.729845964e-03 5.960340795e-03 5.204475312e-03 4.461289086e-03 3.729821686e-03
 8.580136104e-03 8.876815792e-03 9.221564179e-03 9.610659952e-03 1.004038180e-02
 1.050700841e-02 1.100681402e-02 1.153544620e-02 1.208728515e-02 1.265655284e-02
 1.323719261e-02 1.382273783e-02 1.440668439e-02 1.498240403e-02 1.554313445e-02
 1.608212186e-02 1.659285099e-02 1.706899594e-02 1.750429795e-02 1.789312476e-02
 1.823020782e-02 1.851042987e-02 1.872967979e-02 1.888426857e-02 1.897077883e-02
 1.898708316e-02 1.893143873e-02 1.880252773e-02 1.860045821e-02 1.832563891e-02
 1.797907241e-02 1.756317698e-02 1.708058628e-02 1.653465864e-02 1.593000041e-02
 1.527136530e-02 1.456437743e-02 1.381575715e-02 1.303232320e-02 1.222146697e-02
 1.139111023e-02 1.054931644e-02 9.705669627e-03 8.870787395e-03 8.054359177e-03
 7.258216527e-03 6.480305636e-03 5.718545082e-03 4.970853443e-03 4.235149296e-03
 8.632900757e-03 8.929217903e-03 9.276426813e-03 9.670425136e-03 1.010711052e-02
 1.058238063e-02 1.109212916e-02 1.163169563e-02 1.219529874e-02 1.277701672e-02
 1.337065381e-02 1.396961107e-02 1.456725305e-02 1.515683108e-02 1.573147427e-02
 1.628432120e-02 1.680875446e-02 1.729835040e-02 1.774675354e-02 1.814824398e-02
 1.849747090e-02 1.878923633e-02 1.901935925e-02 1.918408526e-02 1.927993420e-02
 1.930472819e-02 1.925667763e-02 1.913442033e-02 1.893802804e-02 1.866787494e-02
 1.832493512e-02 1.791161297e-02 1.743053025e-02 1.688501904e-02 1.627963487e-02
 1.561908004e-02 1.490899562e-02 1.415620494e-02 1.336761900e-02 1.255039519e-02
 1.171191914e-02 1.085981049e-02 1.000450528e-02 9.158353972e-03 8.332632153e-03
 7.529401713e-03 6.746168802e-03 5.980407192e-03 5.229590655e-03 4.491192962e-03
 8.632923882e-03 8.929249367e-03 9.276467680e-03 9.670476388e-03 1.010717306e-02
 1.058245526e-02 1.109221662e-02 1.163179657e-02 1.219541368e-02 1.277714610e-02
 1.337079793e-02 1.396977014e-02 1.456742713e-02 1.515702013e-02 1.573167813e-02
 1.628453957e-02 1.680898694e-02 1.729859647e-02 1.774701256e-02 1.814851523e-02
 1.849775354e-02 1.878952943e-02 1.901966181e-02 1.918439620e-02 1.928025236e-02
 1.930505237e-02 1.925700656e-02 1.913475273e-02 1.893836258e-02 1.866821025e-02
 1.832526983e-02 1.791194572e-02 1.743085965e-02 1.688534373e-02 1.627995347e-02
 1.561939122e-02 1.490929805e-02 1.415649737e-02 1.336790022e-02 1.255066405e-02
 1.171217446e-02 1.086005115e-02 1.000473049e-02 9.158563546e-03 8.332826464e-03
 7.529581513e-03 6.746335130e-03 5.980561370e-03 5.229734293e-03 4.491327955e-03
 8.580204267e-03 8.876908540e-03 9.221684657e-03 9.610811063e-03 1.004056620e-02
 1.050722852e-02 1.100707200e-02 1.153574395e-02 1.208762426e-02 1.265693457e-02
 1.323761787e-02 1.382320721e-02 1.440719810e-02 1.498296194e-02 1.554373605e-02
 1.608276630e-02 1.659353706e-02 1.706972210e-02 1.750506232e-02 1.789392514e-02
 1.823104176e-02 1.851129460e-02 1.873057233e-02 1.888518569e-02 1.897171711e-02
 1.898803902e-02 1.893240843e-02 1.880350741e-02 1.860144392e-02 1.832662662e-02
 1.798005804e-02 1.756415646e-02 1.708155555e-02 1.653561364e-02 1.593093705e-02
 1.527227947e-02 1.456526517e-02 1.381661492e-02 1.303314781e-02 1.222225489e-02
 1.139185689e-02 1.055001645e-02 9.706319793e-03 8.871388770e-03 8.054916701e-03
 7.258735654e-03 6.480790670e-03 5.718999165e-03 4.971278554e-03 4.235546254e-03
 8.521306533e-03 8.805495228e-03 9.135849730e-03 9.508733714e-03 9.920510850e-03
 1.036754481e-02 1.084619507e-02 1.135222959e-02 1.188022012e-02 1.242458872e-02
 1.297947822e-02 1.353862060e-02 1.409571031e-02 1.464431859e-02 1.517788366e-02
 1.568985176e-02 1.617389921e-02 1.662388494e-02 1.703373341e-02 1.739798046e-02
 1.771151697e-02 1.796938193e-02 1.816759992e-02 1.830260894e-02 1.837111359e-02
 1.837108426e-02 1.830086872e-02 1.815923492e-02 1.794636042e-02 1.766272001e-02
 1.730936923e-02 1.688874808e-02 1.640350776e-02 1.585705188e-02 1.525407988e-02
 1.459943921e-02 1.389870020e-02 1.315834356e-02 1.238496983e-02 1.158642114e-02
 1.077168957e-02 9.949719991e-03 9.128326301e-03 8.314553599e-03 7.514836578e-03
 6.730671775e-03 5.961114032e-03 5.205200840e-03 4.461969688e-03 3.730458066e-03
 8.455180827e-03 8.718384435e-03 9.025379068e-03 9.372635372e-03 9.756623996e-03
 1.017381559e-02 1.062067687e-02 1.109312241e-02 1.158595014e-02 1.209381813e-02
 1.261111717e-02 1.313184483e-02 1.364996276e-02 1.415931530e-02 1.465362013e-02
 1.512660276e-02 1.557221041e-02 1.598456635e-02 1.635785711e-02 1.668686046e-02
 1.696669740e-02 1.719263262e-02 1.736088699e-02 1.746808246e-02 1.751110016e-02
 1.748805199e-02 1.739741675e-02 1.723808545e-02 1.701033176e-02 1.671472095e-02
 1.635238103e-02 1.592578172e-02 1.543759800e-02 1.489128114e-02 1.429161944e-02
 1.364354853e-02 1.295255369e-02 1.222481244e-02 1.146664123e-02 1.068626217e-02
 9.893662323e-03 9.098550066e-03 8.306321217e-03 7.519440082e-03 6.740182083e-03
 5.969721266e-03 5.208687094e-03 4.457705161e-03 3.717401059e-03 2.988400384e-03
 8.379757363e-03 8.616736050e-03 8.894238590e-03 9.208940707e-03 9.557518123e-03
 9.936646560e-03 1.034299803e-02 1.077272177e-02 1.122090979e-02 1.168252170e-02
 1.215226387e-02 1.262447005e-02 1.309344003e-02 1.355336298e-02 1.399830870e-02
 1.442235457e-02 1.481979034e-02 1.518507436e-02 1.551272565e-02 1.579782961e-02
 1.603580054e-02 1.622219066e-02 1.635347014e-02 1.642649417e-02 1.643836830e-02
 1.638738688e-02 1.627219863e-02 1.609184969e-02 1.584671917e-02 1.553746734e-02
 1.516531290e-02 1.473280594e-02 1.424269941e-02 1.369845447e-02 1.310475186e-02
 1.246641424e-02 1.178903680e-02 1.107918772e-02 1.034354163e-02 9.589665217e-03
 8.825951404e-03 8.060428467e-03 7.296180191e-03 6.532929314e-03 5.770499553e-03
 5.010084164e-03 4.253553575e-03 3.502783027e-03 2.759647761e-03 2.026023017e-03
 8.296901879e-03 8.504624887e-03 8.748642354e-03 9.025960952e-03 9.333587350e-03
 9.668528216e-03 1.002778658e-02 1.040785236e-02 1.080417781e-02 1.121208546e-02
 1.162666055e-02 1.204263929e-02 1.245472597e-02 1.285751993e-02 1.324550719e-02
 1.361318098e-02 1.395523634e-02 1.426652852e-02 1.454197032e-02 1.477701200e-02
 1.496741593e-02 1.510907539e-02 1.519875508e-02 1.523358522e-02 1.521093640e-02
 1.512932076e-02 1.498759074e-02 1.478497352e-02 1.452195320e-02 1.419927918e-02
 1.381827390e-02 1.338162599e-02 1.289222969e-02 1.235349579e-02 1.176972471e-02
 1.114534564e-02 1.048626947e-02 9.800273315e-03 9.095123352e-03 8.375972864e-03
 7.645555280e-03 6.906443028e-03 6.160337236e-03 5.408346760e-03 4.651636069e-03
 3.891924477e-03 3.131205645e-03 2.371475182e-03 1.614728699e-03 8.629618051e-04
 8.210391140e-03 8.389177603e-03 8.598205165e-03 8.835216022e-03 9.097952370e-03
 9.384156406e-03 9.691565674e-03 1.001726320e-02 1.035700831e-02 1.070639764e-02
 1.106087141e-02 1.141563975e-02 1.176588998e-02 1.210669399e-02 1.243299901e-02
 1.273975855e-02 1.302212263e-02 1.327539719e-02 1.349494214e-02 1.367661922e-02
 1.381658162e-02 1.391110627e-02 1.395729404e-02 1.395259141e-02 1.389466923e-02
 1.378226380e-02 1.361442908e-02 1.339058990e-02 1.311141525e-02 1.277783636e-02
 1.239125895e-02 1.195421991e-02 1.146943162e-02 1.094046147e-02 1.037234932e-02
 9.770275426e-03 9.139230059e-03 8.483964276e-03 7.809110425e-03 7.117220544e-03
 6.408920043e-03 5.684812493e-03 4.946136334e-03 4.194561563e-03 3.431799164e-03
 2.659831542e-03 1.880775306e-03 1.096748019e-03 3.098672432e-04-4.777494577e-04
 8.123932538e-03 8.274840353e-03 8.448929284e-03 8.644886013e-03 8.861397222e-03
 9.097149593e-03 9.350823657e-03 9.620234635e-03 9.901447714e-03 1.019031608e-02
 1.048264645e-02 1.077417725e-02 1.106063631e-02 1.133761684e-02 1.160056660e-02
 1.184493844e-02 1.206637755e-02 1.226068192e-02 1.242369951e-02 1.255174144e-02
 1.264138772e-02 1.268933348e-02 1.269304026e-02 1.265029107e-02 1.255907889e-02
 1.241839369e-02 1.222752266e-02 1.198609681e-02 1.169490038e-02 1.135496084e-02
 1.096777644e-02 1.053596777e-02 1.006232780e-02 9.550354110e-03 9.004757737e-03
 8.430315226e-03 7.829825096e-03 7.203594590e-03 6.551800364e-03 5.875187451e-03
 5.175027268e-03 4.452600820e-03 3.709060863e-03 2.945472978e-03 2.162976540e-03
 1.363336463e-03 5.486269586e-04-2.790755635e-04-1.117694693e-03-1.965154019e-03
 8.040830544e-03 8.164855988e-03 8.305448122e-03 8.462045905e-03 8.634088293e-03
 8.821014246e-03 9.022255923e-03 9.236289159e-03 9.459655686e-03 9.688663707e-03
 9.919610651e-03 1.014877810e-02 1.037244114e-02 1.058673650e-02 1.078765151e-02
 1.097117760e-02 1.113348710e-02 1.127089600e-02 1.137976636e-02 1.145688635e-02
 1.149929160e-02 1.150412144e-02 1.146920572e-02 1.139266392e-02 1.127282024e-02
 1.110897165e-02 1.090070505e-02 1.064785575e-02 1.035109226e-02 1.001126031e-02
 9.629991388e-03 9.210790330e-03 8.757418328e-03 8.272269954e-03 7.755386168e-03
 7.206585463e-03 6.626058249e-03 6.014463354e-03 5.372480835e-03 4.700617023e-03
 3.999217355e-03 3.268624774e-03 2.509226827e-03 1.721441384e-03 9.057544282e-04
 6.321176392e-05-8.048639974e-04-1.697148277e-03-2.612316498e-03-3.549044080e-03
 7.963990181e-03 8.061827164e-03 8.172251417e-03 8.294500900e-03 8.427813570e-03
 8.571427386e-03 8.724577024e-03 8.886035319e-03 9.053641068e-03 9.225111736e-03
 9.397711830e-03 9.568039514e-03 9.732640558e-03 9.888085800e-03 1.003097314e-02
 1.015791016e-02 1.026563512e-02 1.035099000e-02 1.041085683e-02 1.044249326e-02
 1.044337507e-02 1.041108305e-02 1.034389950e-02 1.024040097e-02 1.009929205e-02
 9.919883630e-03 9.701667439e-03 9.444634848e-03 9.150453464e-03 8.821139848e-03
 8.458071900e-03 8.061104905e-03 7.629874168e-03 7.164183722e-03 6.664128183e-03
 6.129826311e-03 5.561230200e-03 4.958082040e-03 4.320105974e-03 3.646932384e-03
 2.938104818e-03 2.193151971e-03 1.411457898e-03 5.923083302e-04-2.649887977e-04
-1.160925930e-03-2.095896809e-03-3.070294472e-03-4.084511960e-03-5.138942311e-03
 7.895386243e-03 7.969887741e-03 8.053823409e-03 8.146211865e-03 8.246071727e-03
 8.352421613e-03 8.464278988e-03 8.580499277e-03 8.699610185e-03 8.820092056e-03
 8.940015814e-03 9.056850072e-03 9.168008760e-03 9.270734239e-03 9.362083617e-03
 9.439117913e-03 9.499103992e-03 9.539472157e-03 9.557684947e-03 9.551485414e-03
 9.518779491e-03 9.457572118e-03 9.366533364e-03 9.244612292e-03 9.090896710e-03
 8.905132222e-03 8.687260481e-03 8.437153943e-03 8.154452799e-03 7.838748617e-03
 7.489643185e-03 7.106762649e-03 6.689735724e-03 6.238111151e-03 5.751299947e-03
 5.228695685e-03 4.669553084e-03 4.072951983e-03 3.437948433e-03 2.763344420e-03
 2.047706632e-03 1.289565981e-03 4.871172689e-04-3.616731716e-04-1.258924156e-03
-2.207424129e-03-3.210292641e-03-4.270651592e-03-5.391622884e-03-6.576328417e-03
 7.835912970e-03 7.890655834e-03 7.951940974e-03 8.018848854e-03 8.090459935e-03
 8.165854679e-03 8.244112522e-03 8.324168322e-03 8.404664542e-03 8.484204827e-03
 8.561207213e-03 8.633816687e-03 8.700152161e-03 8.758220627e-03 8.805908233e-03
 8.841099235e-03 8.861742463e-03 8.865838016e-03 8.851406001e-03 8.816654594e-03
 8.759901170e-03 8.679512222e-03 8.574181810e-03 8.442741390e-03 8.284083333e-03
 8.097388536e-03 7.881923901e-03 7.636957989e-03 7.361764896e-03 7.055619798e-03
 6.717775664e-03 6.347432515e-03 5.943781522e-03 5.505922073e-03 5.032795493e-03
 4.523322432e-03 3.976240387e-03 3.390056176e-03 2.763242662e-03 2.093885643e-03
 1.379712447e-03 6.183963661e-04-1.928954805e-04-1.057340050e-03-1.978326961e-03
-2.960954193e-03-4.011164431e-03-5.134906361e-03-6.338128672e-03-7.626780051e-03
 7.785570798e-03 7.823750735e-03 7.866164714e-03 7.912000991e-03 7.960447824e-03
 8.010693469e-03 8.061925400e-03 8.113221031e-03 8.163435182e-03 8.211393848e-03
 8.255819566e-03 8.295282679e-03 8.328338519e-03 8.353467310e-03 8.369068183e-03
 8.373537135e-03 8.365284266e-03 8.342730875e-03 8.304308106e-03 8.248543544e-03
 8.174020777e-03 8.079346862e-03 7.963285059e-03 7.824664149e-03 7.662340029e-03
 7.475296972e-03 7.262557515e-03 7.023146813e-03 6.756098779e-03 6.460449050e-03
 6.135199972e-03 5.779274533e-03 5.391582896e-03 4.970933666e-03 4.515960544e-03
 4.025274390e-03 3.497284705e-03 2.930147380e-03 2.321980437e-03 1.670465591e-03
 9.728804812e-04 2.264429323e-04-5.721860902e-04-1.426724151e-03-2.341154466e-03
-3.321602386e-03-4.375252451e-03-5.509296730e-03-6.730927289e-03-8.047336197e-03
 7.743712016e-03 7.768210693e-03 7.795140274e-03 7.823813347e-03 7.853542498e-03
 7.883640316e-03 7.913418804e-03 7.942107948e-03 7.968771853e-03 7.992453339e-03
 8.012128404e-03 8.026674744e-03 8.034960103e-03 8.035796906e-03 8.027937849e-03
 8.010132115e-03 7.981120389e-03 7.939636607e-03 7.884418222e-03 7.814240130e-03
 7.727898967e-03 7.624200946e-03 7.502016112e-03 7.360241280e-03 7.197782354e-03
 7.013588181e-03 6.806620405e-03 6.575833763e-03 6.320159817e-03 6.038525130e-03
 5.729815809e-03 5.392821492e-03 5.026316564e-03 4.628978839e-03 4.199319826e-03
 3.735829257e-03 3.236803333e-03 2.700294505e-03 2.124321613e-03 1.506540146e-03
 8.442690849e-04 1.347787214e-04-6.251103954e-04-1.438883432e-03-2.310217223e-03
-3.244329025e-03-4.247197758e-03-5.324807756e-03-6.483143354e-03-7.728188885e-03
 7.709282975e-03 7.722505882e-03 7.736813729e-03 7.751633011e-03 7.766390225e-03
 7.780511868e-03 7.793424034e-03 7.804496222e-03 7.812983471e-03 7.818126086e-03
 7.819115845e-03 7.815073137e-03 7.805110987e-03 7.788298653e-03 7.763658133e-03
 7.730207826e-03 7.686946576e-03 7.632857699e-03 7.566924455e-03 7.488133899e-03
 7.395475288e-03 7.287939878e-03 7.164532458e-03 7.024263494e-03 6.866142226e-03
 6.689171956e-03 6.492354211e-03 6.274676028e-03 6.035075829e-03 5.772481686e-03
 5.485773933e-03 5.173719091e-03 4.835066244e-03 4.468496249e-03 4.072572470e-03
 3.645841408e-03 3.186659023e-03 2.693141299e-03 2.163378307e-03 1.595246716e-03
 9.864255547e-04 3.345693067e-04-3.628810850e-04-1.108629833e-03-1.905428410e-03
-2.756397054e-03-3.664838337e-03-4.634056132e-03-5.667354307e-03-6.768036732e-03
 0.000000000e+00 4.146557983e-03 6.603323001e-03 7.776465828e-03 8.072157237e-03
 7.896568002e-03 7.654749275e-03 7.594218152e-03 7.643889811e-03 7.695256340e-03
 7.692733761e-03 7.658595218e-03 7.620702472e-03 7.589852826e-03 7.558417946e-03
 7.518182667e-03 7.466098199e-03 7.403217753e-03 7.330585959e-03 7.248017861e-03
 7.154614541e-03 7.049322540e-03 6.930089044e-03 6.794442057e-03 6.641046591e-03
 6.474002229e-03 6.299027319e-03 6.115609440e-03 5.902330935e-03 5.633502242e-03
 5.314815901e-03 5.026781250e-03 4.858959586e-03 4.749957990e-03 4.378408499e-03
 3.408485783e-03 1.912670226e-03 4.776936110e-04-3.028053767e-04-3.556979448e-04
-8.991279024e-05 9.180246417e-05 9.102463229e-05 1.619720510e-05-3.033544345e-05
-2.955761157e-05-3.655809852e-06 2.489062027e-05 3.360233736e-05 1.734723476e-20
 0.000000000e+00 4.126652763e-03 6.567681024e-03 7.728179735e-03 8.013243847e-03
 7.827968313e-03 7.576331821e-03 7.505251668e-03 7.543999160e-03 7.584535076e-03
 7.571599922e-03 7.527579189e-03 7.480432217e-03 7.441112721e-03 7.402212298e-03
 7.355737271e-03 7.298835194e-03 7.232735660e-03 7.158663456e-03 7.076657536e-03
 6.986068296e-03 6.886064723e-03 6.774630038e-03 6.649250092e-03 6.508689868e-03
 6.357828640e-03 6.203366914e-03 6.045008649e-03 5.858983254e-03 5.616723204e-03
 5.324899482e-03 5.074193784e-03 4.965452267e-03 4.930028871e-03 4.607376128e-03
 3.620474586e-03 2.042069802e-03 5.113757419e-04-3.242867559e-04-3.809315866e-04
-9.629131218e-05 9.831504186e-05 9.748202964e-05 1.734625440e-05-3.248747645e-05
-3.165446424e-05-3.915157419e-06 2.665639093e-05 3.598612776e-05 0.000000000e+00
 0.000000000e+00 4.109683032e-03 6.537355383e-03 7.687212109e-03 7.963448268e-03
 7.770258914e-03 7.510725696e-03 7.431270037e-03 7.461478711e-03 7.493723507e-03
 7.473033490e-03 7.421902582e-03 7.368386064e-03 7.323584732e-03 7.280292478e-03
 7.230719137e-03 7.172191770e-03 7.106100419e-03 7.033836745e-03 6.955676868e-03
 6.871249165e-03 6.779965118e-03 6.679803711e-03 6.568143060e-03 6.443846963e-03
 6.312881206e-03 6.183327015e-03 6.055186411e-03 5.901354364e-03 5.689186749e-03
 5.426767521e-03 5.219278821e-03 5.183651048e-03 5.240946243e-03 4.974899755e-03
 3.949939347e-03 2.240365935e-03 5.626536307e-04-3.569591246e-04-4.193110056e-04
-1.059928038e-04 1.082204273e-04 1.073034878e-04 1.909391510e-05-3.576063760e-05
-3.484369817e-05-4.309615300e-06 2.934206162e-05 3.961178319e-05 0.000000000e+00
 0.000000000e+00-2.204461215e-03-1.800120033e-03 3.067115353e-04 3.209721478e-03
 6.002597784e-03 7.782626240e-03 8.153313983e-03 7.741966405e-03 7.292417293e-03
 7.183390259e-03 7.256490272e-03 7.314759773e-03 7.278754238e-03 7.195915873e-03
 7.117668382e-03 7.058922108e-03 7.005596489e-03 6.943939461e-03 6.871598214e-03
 6.792838906e-03 6.711234585e-03 6.625046767e-03 6.530309034e-03 6.425005232e-03
 6.316465533e-03 6.214804261e-03 6.120639928e-03 6.002730897e-03 5.823324257e-03
 5.592268477e-03 5.432896560e-03 5.482275902e-03 5.648834128e-03 5.447232876e-03
 4.369309408e-03 2.491686568e-03 6.275108298e-04-3.982714829e-04-4.678396053e-04
-1.182597901e-04 1.207452256e-04 1.197221650e-04 2.130373299e-05-3.989936434e-05
-3.887630371e-05-4.808384933e-06 3.273793997e-05 4.419621896e-05 0.000000000e+00
 0.000000000e+00-2.190572129e-03-1.788630561e-03 3.047199503e-04 3.188374653e-03
 5.961228794e-03 7.725756469e-03 8.087986990e-03 7.672355838e-03 7.219210422e-03
 7.105567130e-03 7.173941057e-03 7.228473023e-03 7.190253270e-03 7.106650196e-03
 7.028993732e-03 6.972261905e-03 6.922570029e-03 6.866370259e-03 6.801562685e-03
 6.732694623e-03 6.663575319e-03 6.592391799e-03 6.514972839e-03 6.429394601e-03
 6.344500092e-03 6.272339611e-03 6.213969184e-03 6.133557080e-03 5.987733700e-03
 5.788504658e-03 5.679893392e-03 5.821906033e-03 6.109001784e-03 5.978311931e-03
 4.840172244e-03 2.773688009e-03 7.002639315e-04-4.446113111e-04-5.222738490e-04
-1.320195962e-04 1.347942180e-04 1.336521218e-04 2.378247267e-05-4.454174966e-05
-4.339965352e-05-5.367851883e-06 3.654707665e-05 4.933855347e-05 0.000000000e+00
 0.000000000e+00-2.175576327e-03-1.776237768e-03 3.025745459e-04 3.165419484e-03
 5.916855916e-03 7.665000889e-03 8.018618340e-03 7.598996486e-03 7.142662982e-03
 7.024754512e-03 7.088760495e-03 7.140001007e-03 7.100121798e-03 7.016373269e-03
 6.939945063e-03 6.885850488e-03 6.840379539e-03 6.790167079e-03 6.733338209e-03
 6.674689827e-03 6.618236088e-03 6.562060566e-03 6.501759238e-03 6.435473916e-03
 6.373540040e-03 6.329925363e-03 6.306114071e-03 6.261705759e-03 6.147742139e-03
 5.978454826e-03 5.918723925e-03 6.151677107e-03 6.558179581e-03 6.498536738e-03
 5.302291169e-03 3.050694472e-03 7.717579846e-04-4.901519357e-04-5.757692880e-04
-1.455420926e-04 1.486009132e-04 1.473418345e-04 2.621846256e-05-4.910406971e-05
-4.784499100e-05-5.917669940e-06 4.029051874e-05 5.439220030e-05 1.734723476e-20
 0.000000000e+00-2.157703377e-03-1.761480290e-03 3.000227329e-04 3.138159164e-03
 5.864282476e-03 7.593279423e-03 7.937180768e-03 7.513457205e-03 7.054008759e-03
 6.931673433e-03 6.991068113e-03 7.038886010e-03 6.997388073e-03 6.913621511e-03
 6.838545756e-03 6.787158450e-03 6.745904265e-03 6.701578116e-03 6.652472032e-03
 6.603553833e-03 6.558972900e-03 6.516702923e-03 6.472127180e-03 6.423410800e-03
 6.382040883e-03 6.363472949e-03 6.369484960e-03 6.355964246e-03 6.269422426e-03
 6.125805435e-03 6.106594768e-03 6.413329917e-03 6.916003940e-03 6.913616885e-03
 5.671244336e-03 3.271917271e-03 8.288621694e-04-5.265271399e-04-6.184983357e-04
-1.563430768e-04 1.596288990e-04 1.582763814e-04 2.816418971e-05-5.274818582e-05
-5.139566823e-05-6.356832650e-06 4.328056272e-05 5.842875967e-05 1.734723476e-20
 0.000000000e+00-2.134651378e-03-1.742465025e-03 2.967388764e-04 3.103140140e-03
 5.796918583e-03 7.501754793e-03 7.833898847e-03 7.405789119e-03 6.943235198e-03
 6.816017564e-03 6.870157338e-03 6.914071610e-03 6.870750761e-03 6.786897661e-03
 6.713092482e-03 6.664243342e-03 6.626935439e-03 6.588105040e-03 6.546129846e-03
 6.506031019e-03 6.471993234e-03 6.441904471e-03 6.411011547e-03 6.377458300e-03
 6.353261157e-03 6.354568981e-03 6.383216654e-03 6.393013134e-03 6.327955164e-03
 6.204630098e-03 6.212685653e-03 6.562735935e-03 7.118502353e-03 7.146283797e-03
 5.876832922e-03 3.394848225e-03 8.605528399e-04-5.467101668e-04-6.422068354e-04
-1.623360757e-04 1.657478511e-04 1.643434883e-04 2.924378952e-05-5.477014817e-05
-5.336578540e-05-6.600505036e-06 4.493960875e-05 6.066847182e-05 0.000000000e+00
 0.000000000e+00-2.103213266e-03-1.716564295e-03 2.922732308e-04 3.055625632e-03
 5.705819226e-03 7.378636054e-03 7.696088704e-03 7.263557982e-03 6.798329646e-03
 6.665861476e-03 6.714032234e-03 6.753559470e-03 6.708358098e-03 6.624569840e-03
 6.552166338e-03 6.505862778e-03 6.472381397e-03 6.438792242e-03 6.403481892e-03
 6.371407862e-03 6.346690796e-03 6.327158141e-03 6.307997646e-03 6.287297526e-03
 6.277035005e-03 6.293324616e-03 6.337854101e-03 6.363906801e-03 6.314875534e-03
 6.207030419e-03 6.230385409e-03 6.595992232e-03 7.165712692e-03 7.200029765e-03
 5.923689981e-03 3.422681382e-03 8.677053517e-04-5.512633278e-04-6.475553203e-04
-1.636880576e-04 1.671282473e-04 1.657121886e-04 2.948734029e-05-5.522628986e-05
-5.381023115e-05-6.655475958e-06 4.531387886e-05 6.117373646e-05 0.000000000e+00
 0.000000000e+00-2.058665642e-03-1.679922987e-03 2.859693869e-04 2.988752901e-03
 5.578168979e-03 7.207349565e-03 7.506483905e-03 7.070577180e-03 6.604418117e-03
 6.467071133e-03 6.509000825e-03 6.544154679e-03 6.497698152e-03 6.414886218e-03
 6.344736976e-03 6.301631224e-03 6.272448416e-03 6.244410685e-03 6.215867892e-03
 6.191631195e-03 6.175685346e-03 6.165802895e-03 6.157150665e-03 6.147750963e-03
 6.149299829e-03 6.177566462e-03 6.234033040e-03 6.272246276e-03 6.235957256e-03
 6.140818030e-03 6.173896834e-03 6.543008184e-03 7.110670899e-03 7.144731660e-03
 5.877755829e-03 3.395999712e-03 8.609232078e-04-5.469528639e-04-6.424919256e-04
-1.624081403e-04 1.658214303e-04 1.644164441e-04 2.925677150e-05-5.479446188e-05
-5.338947568e-05-6.603435150e-06 4.495955847e-05 6.069540393e-05 0.000000000e+00
 0.000000000e+00-1.993836208e-03-1.626710808e-03 2.768400343e-04 2.892280154e-03
 5.395073386e-03 6.963976556e-03 7.241080943e-03 6.805540233e-03 6.343119987e-03
 6.203090675e-03 6.239700173e-03 6.271654844e-03 6.225930183e-03 6.146407150e-03
 6.080632039e-03 6.042463388e-03 6.019012309e-03 5.997727064e-03 5.976917632e-03
 5.961200839e-03 5.954383629e-03 5.954187117e-03 5.955779700e-03 5.957143097e-03
 5.969730639e-03 6.009008602e-03 6.076327934e-03 6.125680188e-03 6.101378681e-03
 6.018676583e-03 6.061951913e-03 6.436048573e-03 7.004880774e-03 7.045209774e-03
 5.798972023e-03 3.351378629e-03 8.497252187e-04-5.398494188e-04-6.341476853e-04
-1.602988959e-04 1.636678564e-04 1.622811172e-04 2.887680481e-05-5.408282935e-05
-5.269609014e-05-6.517674306e-06 4.437565485e-05 5.990713405e-05 3.469446952e-20
 0.000000000e+00-1.897945866e-03-1.548202697e-03 2.634162289e-04 2.751097632e-03
 5.129028234e-03 6.614538404e-03 6.867279881e-03 6.441469285e-03 5.993083906e-03
 5.856021207e-03 5.890362551e-03 5.922173804e-03 5.881242938e-03 5.809353655e-03
 5.751805403e-03 5.721692851e-03 5.706540691e-03 5.694203664e-03 5.682998383e-03
 5.677316136e-03 5.680760627e-03 5.691022219e-03 5.703310907e-03 5.715624721e-03
 5.739311383e-03 5.789695248e-03 5.868119472e-03 5.929017858e-03 5.917238293e-03
 5.847998186e-03 5.904280101e-03 6.289371472e-03 6.868657169e-03 6.925582456e-03
 5.709028227e-03 3.301891799e-03 8.374944789e-04-5.321087912e-04-6.250549627e-04
-1.580004511e-04 1.613211059e-04 1.599542504e-04 2.846275493e-05-5.330736304e-05
-5.194050758e-05-6.424220674e-06 4.373937480e-05 5.904815598e-05 0.000000000e+00
 0.000000000e+00-1.756188563e-03-1.432469160e-03 2.437023084e-04 2.544869941e-03
 4.743577836e-03 6.115283932e-03 6.345432496e-03 5.948637254e-03 5.533820129e-03
 5.410663891e-03 5.448636447e-03 5.485608750e-03 5.455985266e-03 5.398404184e-03
 5.354781318e-03 5.337146651e-03 5.333801390e-03 5.333363219e-03 5.334261454e-03
 5.340622525e-03 5.355816940e-03 5.377550833e-03 5.401154403e-03 5.424717061e-03
 5.459538607e-03 5.520853985e-03 5.610081431e-03 5.682281711e-03 5.683043234e-03
 5.627723629e-03 5.698014511e-03 6.095747148e-03 6.688381927e-03 6.767521944e-03
 5.590481559e-03 3.236766238e-03 8.214117287e-04-5.219315614e-04-6.131000239e-04
-1.549784997e-04 1.582356429e-04 1.568949302e-04 2.791837001e-05-5.228779468e-05
-5.094708200e-05-6.301349615e-06 4.290280589e-05 5.791878795e-05 1.734723476e-20
 0.000000000e+00-1.553577410e-03-1.267508158e-03 2.157074990e-04 2.253569307e-03
 4.203577009e-03 5.425802237e-03 5.642188983e-03 5.306543482e-03 4.955913496e-03
 4.863270690e-03 4.913100716e-03 4.962010621e-03 4.951941874e-03 4.916977258e-03
 4.894099660e-03 4.893916024e-03 4.906091299e-03 4.920578886e-03 4.936083990e-03
 4.956393538e-03 4.984586697e-03 5.018460488e-03 5.053596318e-03 5.088256118e-03
 5.133533969e-03 5.204346418e-03 5.302166196e-03 5.383359687e-03 5.395077217e-03
 5.352546007e-03 5.433292673e-03 5.834501671e-03 6.427641061e-03 6.523226448e-03
 5.398302880e-03 3.128309501e-03 7.942439682e-04-5.047024784e-04-5.928614487e-04
-1.498626232e-04 1.530122473e-04 1.517157919e-04 2.699677808e-05-5.056176234e-05
-4.926530690e-05-6.093340590e-06 4.148657423e-05 5.600687521e-05 0.000000000e+00
 0.000000000e+00-1.289484215e-03-1.052935622e-03 1.793959585e-04 1.877260707e-03
 3.510408803e-03 4.550702662e-03 4.767202763e-03 4.530032455e-03 4.277706462e-03
 4.233266163e-03 4.302767107e-03 4.369516159e-03 4.386420070e-03 4.381537268e-03
 4.385286881e-03 4.406502333e-03 4.436878404e-03 4.468351157e-03 4.500071737e-03
 4.535380717e-03 4.576980313e-03 4.622841828e-03 4.668952170e-03 4.713813324e-03
 4.767965854e-03 4.845536384e-03 4.947938276e-03 5.033929716e-03 5.053553719e-03
 5.021251865e-03 5.104995771e-03 5.491352946e-03 6.058790158e-03 6.155159606e-03
 5.096645011e-03 2.954350651e-03 7.501854242e-04-4.767156128e-04-5.599859737e-04
-1.415524102e-04 1.445273807e-04 1.433028166e-04 2.549974719e-05-4.775800110e-05
-4.653343697e-05-5.755451415e-06 3.918605219e-05 5.290117045e-05 0.000000000e+00
 8.159599574e-01 8.018110453e-01 7.872967359e-01 7.732453547e-01 7.604852271e-01
 7.498446786e-01 7.421520346e-01 7.382356207e-01 7.389237622e-01 7.446104536e-01
 7.494331935e-01 7.540237622e-01 7.582801287e-01 7.641095120e-01 7.695337087e-01
 7.752469194e-01 7.816075138e-01 7.907939239e-01 8.009659112e-01 8.121153312e-01
 8.244730569e-01 8.375105355e-01 8.539148884e-01 8.720388018e-01 8.921441589e-01
 9.133133957e-01 9.384463130e-01 9.667812610e-01 9.975564761e-01 1.031920460e+00
 1.070661225e+00 1.111925343e+00 1.161594316e+00 1.209465435e+00 1.276118430e+00
 1.343506160e+00 1.417697652e+00 1.503146434e+00 1.603769840e+00 1.719569187e+00
 1.833979623e+00 1.987476963e+00 2.155123265e+00 2.360290403e+00 2.590944940e+00
 2.840052047e+00 3.152140558e+00 3.568756861e+00 4.024681682e+00 4.578902864e+00
  180  475
 1.019000000e-01 1.759562842e-02 1.022468657e-01 2.942702702e-02 1.027147527e-01
 4.129236821e-02 1.033048331e-01 5.320806890e-02 1.040109508e-01 6.519254925e-02
 1.048038909e-01 7.727112246e-02 1.056774113e-01 8.946805459e-02 1.066420668e-01
 1.018045017e-01 1.077114310e-01 1.143000616e-01 1.089009799e-01 1.269730904e-01
 1.102273338e-01 1.398402617e-01 1.117306439e-01 1.529452783e-01 1.134183290e-01
 1.662792187e-01 1.153143155e-01 1.798458174e-01 1.174414703e-01 1.936553951e-01
 1.198743238e-01 2.077548851e-01 1.226066524e-01 2.220882462e-01 1.257094812e-01
 2.366794453e-01 1.292179598e-01 2.514988052e-01 1.332046597e-01 2.665257138e-01
 1.376494819e-01 2.817440024e-01 1.426980965e-01 2.971164547e-01 1.483441464e-01
 3.125601996e-01 1.546497712e-01 3.280245892e-01 1.617587321e-01 3.433766603e-01
 1.696350315e-01 3.585450430e-01 1.783495322e-01 3.733888250e-01 1.881034675e-01
 3.876108943e-01 1.987847672e-01 4.011467213e-01 2.104514406e-01 4.137792004e-01
 2.231828732e-01 4.251735195e-01 2.368300223e-01 4.353018742e-01 2.513898521e-01
 4.438961725e-01 2.667856540e-01 4.507466631e-01 2.828598206e-01 4.558055065e-01
 2.994760749e-01 4.589802037e-01 3.164737817e-01 4.602118425e-01 3.336595886e-01
 4.595582411e-01 3.508532583e-01 4.571991107e-01 3.679727096e-01 4.535083445e-01
 3.846788170e-01 4.476474550e-01 4.010453374e-01 4.409645412e-01 4.167923937e-01
 4.327821159e-01 4.322905721e-01 4.243267074e-01 4.463096123e-01 4.142488974e-01
 4.603286524e-01 4.041710874e-01 4.743119612e-01 3.940835015e-01 4.856166577e-01
 3.832630634e-01 4.969213543e-01 3.724426253e-01 5.082260508e-01 3.616221872e-01
 5.195307473e-01 3.508017491e-01 5.308354439e-01 3.399813110e-01 5.389126846e-01
 3.299604700e-01 5.466862795e-01 3.200148568e-01 5.544598745e-01 3.100692435e-01
 5.622334694e-01 3.001236302e-01 5.700070644e-01 2.901780170e-01 5.777806593e-01
 2.802324037e-01 5.855542542e-01 2.702867905e-01 5.933278492e-01 2.603411772e-01
 6.011014441e-01 2.503955640e-01 6.078485824e-01 2.407993344e-01 6.121491133e-01
 2.320358770e-01 6.164496442e-01 2.232724196e-01 6.207501751e-01 2.145089622e-01
 6.250507060e-01 2.057455048e-01 6.293512368e-01 1.969820474e-01 6.336517677e-01
 1.882185900e-01 6.379522986e-01 1.794551326e-01 6.422528295e-01 1.706916753e-01
 6.465533604e-01 1.619282179e-01 6.508538913e-01 1.531647605e-01 6.551544221e-01
 1.444013031e-01 6.594549530e-01 1.356378457e-01 6.637554839e-01 1.268743883e-01
 6.680560148e-01 1.181109309e-01 6.723565457e-01 1.093474735e-01 6.766570766e-01
 1.005840162e-01 6.772436751e-01 9.183288227e-02 6.777049396e-01 8.308216426e-02
 6.781662041e-01 7.433144625e-02 6.786274686e-01 6.558072825e-02 6.790887330e-01
 5.683001024e-02 6.795499975e-01 4.807929223e-02 6.800112620e-01 3.932857422e-02
 6.804725265e-01 3.057785622e-02 6.809337910e-01 2.182713821e-02 6.813950554e-01
 1.307642020e-02 6.818563199e-01 4.325702194e-03 6.823175844e-01-4.425015814e-03
 6.827788489e-01-1.317573382e-02 6.832401133e-01-2.192645183e-02 6.837013778e-01
-3.067716984e-02 6.841626423e-01-3.942788784e-02 6.846239068e-01-4.817860585e-02
 6.850851713e-01-5.692932386e-02 6.854146485e-01-6.567754436e-02 6.818438982e-01
-7.435185139e-02 6.782731479e-01-8.302615842e-02 6.747023976e-01-9.170046546e-02
 6.711316473e-01-1.003747725e-01 6.675608971e-01-1.090490795e-01 6.639901468e-01
-1.177233866e-01 6.604193965e-01-1.263976936e-01 6.568486462e-01-1.350720006e-01
 6.532778959e-01-1.437463077e-01 6.497071456e-01-1.524206147e-01 6.461363953e-01
-1.610949217e-01 6.425656451e-01-1.697692288e-01 6.389948948e-01-1.784435358e-01
 6.354241445e-01-1.871178428e-01 6.318533942e-01-1.957921499e-01 6.282826439e-01
-2.044664569e-01 6.247118936e-01-2.131407639e-01 6.189134013e-01-2.223986223e-01
 6.119038183e-01-2.319737228e-01 6.048942354e-01-2.415488232e-01 5.978846524e-01
-2.511239237e-01 5.908750695e-01-2.606990241e-01 5.838654865e-01-2.702741246e-01
 5.768559036e-01-2.798492251e-01 5.698463206e-01-2.894243255e-01 5.628367377e-01
-2.989994260e-01 5.558271547e-01-3.085745265e-01 5.488175718e-01-3.181496269e-01
 5.396283867e-01-3.284059300e-01 5.290440295e-01-3.390982736e-01 5.184596723e-01
-3.497906172e-01 5.078753150e-01-3.604829609e-01 4.972909578e-01-3.711753045e-01
 4.867066006e-01-3.818676481e-01 4.737582524e-01-3.921885625e-01 4.602542450e-01
-4.024221719e-01 4.467502376e-01-4.126557813e-01 4.325531182e-01-4.222488726e-01
 4.171403765e-01-4.307185836e-01 4.017276348e-01-4.391882947e-01 3.852491885e-01
-4.453692420e-01 3.686674450e-01-4.511001812e-01 3.516683005e-01-4.548776182e-01
 3.345824308e-01-4.570540718e-01 3.175195253e-01-4.576177896e-01 3.006437992e-01
-4.563418710e-01 2.841441226e-01-4.531490136e-01 2.681812562e-01-4.480900130e-01
 2.528911159e-01-4.412583958e-01 2.383904303e-01-4.327721922e-01 2.248331730e-01
-4.227022219e-01 2.121439593e-01-4.114249739e-01 2.005518171e-01-3.988758309e-01
 1.898529982e-01-3.855030873e-01 1.801957139e-01-3.713625472e-01 1.714459045e-01
-3.566815419e-01 1.635624260e-01-3.416445843e-01 1.564962863e-01-3.264100653e-01
 1.501402213e-01-3.110747980e-01 1.444925521e-01-2.957526704e-01 1.394474529e-01
-2.805002012e-01 1.349584871e-01-2.653842790e-01 1.309609870e-01-2.504690139e-01
 1.274040817e-01-2.357565151e-01 1.242662176e-01-2.212729058e-01 1.214967163e-01
-2.070332610e-01 1.190325733e-01-1.930230787e-01 1.168698839e-01-1.792885388e-01
 1.149500042e-01-1.657992697e-01 1.132418720e-01-1.525391504e-01 1.117187261e-01
-1.395017985e-01 1.103589802e-01-1.266755906e-01 1.091554779e-01-1.140626226e-01
 1.080748928e-01-1.016251438e-01 1.071014087e-01-8.934420083e-02 1.062216282e-01
-7.720048830e-02 1.054255087e-01-6.517302501e-02 1.047199975e-01-5.323800841e-02
 1.041301032e-01-4.137122078e-02 1.036636024e-01-2.955409850e-02 1.033232592e-01
-1.777020037e-02 1.031400252e-01-6.003560998e-03 1.031366989e-01 5.757976216e-03
 1.019000000e-01 4.600000000e-01 1.019000000e-01 4.549726776e-01 1.019000000e-01
 4.499453552e-01 1.019000000e-01 4.449180328e-01 1.019000000e-01 4.398907104e-01
 1.019000000e-01 4.348633880e-01 1.019000000e-01 4.298360656e-01 1.019000000e-01
 4.248087432e-01 1.019000000e-01 4.197814208e-01 1.019000000e-01 4.147540984e-01
 1.019000000e-01 4.097267760e-01 1.019000000e-01 4.046994536e-01 1.019000000e-01
 3.996721311e-01 1.019000000e-01 3.946448087e-01 1.019000000e-01 3.896174863e-01
 1.019000000e-01 3.845901639e-01 1.019000000e-01 3.795628415e-01 1.019000000e-01
 3.745355191e-01 1.019000000e-01 3.695081967e-01 1.019000000e-01 3.644808743e-01
 1.019000000e-01 3.594535519e-01 1.019000000e-01 3.544262295e-01 1.019000000e-01
 3.493989071e-01 1.019000000e-01 3.443715847e-01 1.019000000e-01 3.393442623e-01
 1.019000000e-01 3.343169399e-01 1.019000000e-01 3.292896175e-01 1.019000000e-01
 3.242622951e-01 1.019000000e-01 3.192349727e-01 1.019000000e-01 3.142076503e-01
 1.019000000e-01 3.091803279e-01 1.019000000e-01 3.041530055e-01 1.019000000e-01
 2.991256831e-01 1.019000000e-01 2.940983607e-01 1.019000000e-01 2.890710383e-01
 1.019000000e-01 2.840437158e-01 1.019000000e-01 2.790163934e-01 1.019000000e-01
 2.739890710e-01 1.019000000e-01 2.689617486e-01 1.019000000e-01 2.639344262e-01
 1.019000000e-01 2.589071038e-01 1.019000000e-01 2.538797814e-01 1.019000000e-01
 2.488524590e-01 1.019000000e-01 2.438251366e-01 1.019000000e-01 2.387978142e-01
 1.019000000e-01 2.337704918e-01 1.019000000e-01 2.287431694e-01 1.019000000e-01
 2.237158470e-01 1.019000000e-01 2.186885246e-01 1.019000000e-01 2.136612022e-01
 1.019000000e-01 2.086338798e-01 1.019000000e-01 2.036065574e-01 1.019000000e-01
 1.985792350e-01 1.019000000e-01 1.935519126e-01 1.019000000e-01 1.885245902e-01
 1.019000000e-01 1.834972678e-01 1.019000000e-01 1.784699454e-01 1.019000000e-01
 1.734426230e-01 1.019000000e-01 1.684153005e-01 1.019000000e-01 1.633879781e-01
 1.019000000e-01 1.583606557e-01 1.019000000e-01 1.533333333e-01 1.019000000e-01
 1.483060109e-01 1.019000000e-01 1.432786885e-01 1.019000000e-01 1.382513661e-01
 1.019000000e-01 1.332240437e-01 1.019000000e-01 1.281967213e-01 1.019000000e-01
 1.231693989e-01 1.019000000e-01 1.181420765e-01 1.019000000e-01 1.131147541e-01
 1.019000000e-01 1.080874317e-01 1.019000000e-01 1.030601093e-01 1.019000000e-01
 9.803278689e-02 1.019000000e-01 9.300546448e-02 1.019000000e-01 8.797814208e-02
 1.019000000e-01 8.295081967e-02 1.019000000e-01 7.792349727e-02 1.019000000e-01
 7.289617486e-02 1.019000000e-01 6.786885246e-02 1.019000000e-01 6.284153005e-02
 1.019000000e-01 5.781420765e-02 1.019000000e-01 5.278688525e-02 1.019000000e-01
 4.775956284e-02 1.019000000e-01 4.273224044e-02 1.019000000e-01 3.770491803e-02
 1.019000000e-01 3.267759563e-02 1.019000000e-01 2.765027322e-02 1.019000000e-01
 2.262295082e-02 1.019000000e-01 1.759562842e-02 1.019000000e-01 1.256830601e-02
 1.019000000e-01 7.540983607e-03 1.019000000e-01 2.513661202e-03 1.019000000e-01
-2.513661202e-03 1.019000000e-01-7.540983607e-03 1.019000000e-01-1.256830601e-02
 1.019000000e-01-1.759562842e-02 1.019000000e-01-2.262295082e-02 1.019000000e-01
-2.765027322e-02 1.019000000e-01-3.267759563e-02 1.019000000e-01-3.770491803e-02
 1.019000000e-01-4.273224044e-02 1.019000000e-01-4.775956284e-02 1.019000000e-01
-5.278688525e-02 1.019000000e-01-5.781420765e-02 1.019000000e-01-6.284153005e-02
 1.019000000e-01-6.786885246e-02 1.019000000e-01-7.289617486e-02 1.019000000e-01
-7.792349727e-02 1.019000000e-01-8.295081967e-02 1.019000000e-01-8.797814208e-02
 1.019000000e-01-9.300546448e-02 1.019000000e-01-9.803278689e-02 1.019000000e-01
-1.030601093e-01 1.019000000e-01-1.080874317e-01 1.019000000e-01-1.131147541e-01
 1.019000000e-01-1.181420765e-01 1.019000000e-01-1.231693989e-01 1.019000000e-01
-1.281967213e-01 1.019000000e-01-1.332240437e-01 1.019000000e-01-1.382513661e-01
 1.019000000e-01-1.432786885e-01 1.019000000e-01-1.483060109e-01 1.019000000e-01
-1.533333333e-01 1.019000000e-01-1.583606557e-01 1.019000000e-01-1.633879781e-01
 1.019000000e-01-1.684153005e-01 1.019000000e-01-1.734426230e-01 1.019000000e-01
-1.784699454e-01 1.019000000e-01-1.834972678e-01 1.019000000e-01-1.885245902e-01
 1.019000000e-01-1.935519126e-01 1.019000000e-01-1.985792350e-01 1.019000000e-01
-2.036065574e-01 1.019000000e-01-2.086338798e-01 1.019000000e-01-2.136612022e-01
 1.019000000e-01-2.186885246e-01 1.019000000e-01-2.237158470e-01 1.019000000e-01
-2.287431694e-01 1.019000000e-01-2.337704918e-01 1.019000000e-01-2.387978142e-01
 1.019000000e-01-2.438251366e-01 1.019000000e-01-2.488524590e-01 1.019000000e-01
-2.538797814e-01 1.019000000e-01-2.589071038e-01 1.019000000e-01-2.639344262e-01
 1.019000000e-01-2.689617486e-01 1.019000000e-01-2.739890710e-01 1.019000000e-01
-2.790163934e-01 1.019000000e-01-2.840437158e-01 1.019000000e-01-2.890710383e-01
 1.019000000e-01-2.940983607e-01 1.019000000e-01-2.991256831e-01 1.019000000e-01
-3.041530055e-01 1.019000000e-01-3.091803279e-01 1.019000000e-01-3.142076503e-01
 1.019000000e-01-3.192349727e-01 1.019000000e-01-3.242622951e-01 1.019000000e-01
-3.292896175e-01 1.019000000e-01-3.343169399e-01 1.019000000e-01-3.393442623e-01
 1.019000000e-01-3.443715847e-01 1.019000000e-01-3.493989071e-01 1.019000000e-01
-3.544262295e-01 1.019000000e-01-3.594535519e-01 1.019000000e-01-3.644808743e-01
 1.019000000e-01-3.695081967e-01 1.019000000e-01-3.745355191e-01 1.019000000e-01
-3.795628415e-01 1.019000000e-01-3.845901639e-01 1.019000000e-01-3.896174863e-01
 1.019000000e-01-3.946448087e-01 1.019000000e-01-3.996721311e-01 1.019000000e-01
-4.046994536e-01 1.019000000e-01-4.097267760e-01 1.019000000e-01-4.147540984e-01
 1.019000000e-01-4.197814208e-01 1.019000000e-01-4.248087432e-01 1.019000000e-01
-4.298360656e-01 1.019000000e-01-4.348633880e-01 1.019000000e-01-4.398907104e-01
 1.019000000e-01-4.449180328e-01 1.019000000e-01-4.499453552e-01 1.019000000e-01
-4.549726776e-01 1.019000000e-01-4.600000000e-01 5.610000000e-01-6.380000000e-01
 5.626153846e-01-6.326153846e-01 5.642307692e-01-6.272307692e-01 5.658461538e-01
-6.218461538e-01 5.674615385e-01-6.164615385e-01 5.690769231e-01-6.110769231e-01
 5.706923077e-01-6.056923077e-01 5.723076923e-01-6.003076923e-01 5.739230769e-01
-5.949230769e-01 5.755384615e-01-5.895384615e-01 5.771538462e-01-5.841538462e-01
 5.787692308e-01-5.787692308e-01 5.803846154e-01-5.733846154e-01 5.820000000e-01
-5.680000000e-01 5.820000000e-01-5.680000000e-01 5.873529412e-01-5.680000000e-01
 5.927058824e-01-5.680000000e-01 5.980588235e-01-5.680000000e-01 6.034117647e-01
-5.680000000e-01 6.087647059e-01-5.680000000e-01 6.141176471e-01-5.680000000e-01
 6.194705882e-01-5.680000000e-01 6.248235294e-01-5.680000000e-01 6.301764706e-01
-5.680000000e-01 6.355294118e-01-5.680000000e-01 6.408823529e-01-5.680000000e-01
 6.462352941e-01-5.680000000e-01 6.515882353e-01-5.680000000e-01 6.569411765e-01
-5.680000000e-01 6.622941176e-01-5.680000000e-01 6.676470588e-01-5.680000000e-01
 6.730000000e-01-5.680000000e-01 6.730000000e-01-5.680000000e-01 6.769130435e-01
-5.627826087e-01 6.808260870e-01-5.575652174e-01 6.847391304e-01-5.523478261e-01
 6.886521739e-01-5.471304348e-01 6.925652174e-01-5.419130435e-01 6.964782609e-01
-5.366956522e-01 7.003913043e-01-5.314782609e-01 7.043043478e-01-5.262608696e-01
 7.082173913e-01-5.210434783e-01 7.121304348e-01-5.158260870e-01 7.160434783e-01
-5.106086957e-01 7.199565217e-01-5.053913043e-01 7.238695652e-01-5.001739130e-01
 7.277826087e-01-4.949565217e-01 7.316956522e-01-4.897391304e-01 7.356086957e-01
-4.845217391e-01 7.395217391e-01-4.793043478e-01 7.434347826e-01-4.740869565e-01
 7.473478261e-01-4.688695652e-01 7.512608696e-01-4.636521739e-01 7.551739130e-01
-4.584347826e-01 7.590869565e-01-4.532173913e-01 7.630000000e-01-4.480000000e-01
 7.630000000e-01-4.480000000e-01 7.630000000e-01-4.429662921e-01 7.630000000e-01
-4.379325843e-01 7.630000000e-01-4.328988764e-01 7.630000000e-01-4.278651685e-01
 7.630000000e-01-4.228314607e-01 7.630000000e-01-4.177977528e-01 7.630000000e-01
-4.127640449e-01 7.630000000e-01-4.077303371e-01 7.630000000e-01-4.026966292e-01
 7.630000000e-01-3.976629213e-01 7.630000000e-01-3.926292135e-01 7.630000000e-01
-3.875955056e-01 7.630000000e-01-3.825617978e-01 7.630000000e-01-3.775280899e-01
 7.630000000e-01-3.724943820e-01 7.630000000e-01-3.674606742e-01 7.630000000e-01
-3.624269663e-01 7.630000000e-01-3.573932584e-01 7.630000000e-01-3.523595506e-01
 7.630000000e-01-3.473258427e-01 7.630000000e-01-3.422921348e-01 7.630000000e-01
-3.372584270e-01 7.630000000e-01-3.322247191e-01 7.630000000e-01-3.271910112e-01
 7.630000000e-01-3.221573034e-01 7.630000000e-01-3.171235955e-01 7.630000000e-01
-3.120898876e-01 7.630000000e-01-3.070561798e-01 7.630000000e-01-3.020224719e-01
 7.630000000e-01-2.969887640e-01 7.630000000e-01-2.919550562e-01 7.630000000e-01
-2.869213483e-01 7.630000000e-01-2.818876404e-01 7.630000000e-01-2.768539326e-01
 7.630000000e-01-2.718202247e-01 7.630000000e-01-2.667865169e-01 7.630000000e-01
-2.617528090e-01 7.630000000e-01-2.567191011e-01 7.630000000e-01-2.516853933e-01
 7.630000000e-01-2.466516854e-01 7.630000000e-01-2.416179775e-01 7.630000000e-01
-2.365842697e-01 7.630000000e-01-2.315505618e-01 7.630000000e-01-2.265168539e-01
 7.630000000e-01-2.214831461e-01 7.630000000e-01-2.164494382e-01 7.630000000e-01
-2.114157303e-01 7.630000000e-01-2.063820225e-01 7.630000000e-01-2.013483146e-01
 7.630000000e-01-1.963146067e-01 7.630000000e-01-1.912808989e-01 7.630000000e-01
-1.862471910e-01 7.630000000e-01-1.812134831e-01 7.630000000e-01-1.761797753e-01
 7.630000000e-01-1.711460674e-01 7.630000000e-01-1.661123596e-01 7.630000000e-01
-1.610786517e-01 7.630000000e-01-1.560449438e-01 7.630000000e-01-1.510112360e-01
 7.630000000e-01-1.459775281e-01 7.630000000e-01-1.409438202e-01 7.630000000e-01
-1.359101124e-01 7.630000000e-01-1.308764045e-01 7.630000000e-01-1.258426966e-01
 7.630000000e-01-1.208089888e-01 7.630000000e-01-1.157752809e-01 7.630000000e-01
-1.107415730e-01 7.630000000e-01-1.057078652e-01 7.630000000e-01-1.006741573e-01
 7.630000000e-01-9.564044944e-02 7.630000000e-01-9.060674157e-02 7.630000000e-01
-8.557303371e-02 7.630000000e-01-8.053932584e-02 7.630000000e-01-7.550561798e-02
 7.630000000e-01-7.047191011e-02 7.630000000e-01-6.543820225e-02 7.630000000e-01
-6.040449438e-02 7.630000000e-01-5.537078652e-02 7.630000000e-01-5.033707865e-02
 7.630000000e-01-4.530337079e-02 7.630000000e-01-4.026966292e-02 7.630000000e-01
-3.523595506e-02 7.630000000e-01-3.020224719e-02 7.630000000e-01-2.516853933e-02
 7.630000000e-01-2.013483146e-02 7.630000000e-01-1.510112360e-02 7.630000000e-01
-1.006741573e-02 7.630000000e-01-5.033707865e-03 7.630000000e-01 0.000000000e+00
 7.630000000e-01 5.033707865e-03 7.630000000e-01 1.006741573e-02 7.630000000e-01
 1.510112360e-02 7.630000000e-01 2.013483146e-02 7.630000000e-01 2.516853933e-02
 7.630000000e-01 3.020224719e-02 7.630000000e-01 3.523595506e-02 7.630000000e-01
 4.026966292e-02 7.630000000e-01 4.530337079e-02 7.630000000e-01 5.033707865e-02
 7.630000000e-01 5.537078652e-02 7.630000000e-01 6.040449438e-02 7.630000000e-01
 6.543820225e-02 7.630000000e-01 7.047191011e-02 7.630000000e-01 7.550561798e-02
 7.630000000e-01 8.053932584e-02 7.630000000e-01 8.557303371e-02 7.630000000e-01
 9.060674157e-02 7.630000000e-01 9.564044944e-02 7.630000000e-01 1.006741573e-01
 7.630000000e-01 1.057078652e-01 7.630000000e-01 1.107415730e-01 7.630000000e-01
 1.157752809e-01 7.630000000e-01 1.208089888e-01 7.630000000e-01 1.258426966e-01
 7.630000000e-01 1.308764045e-01 7.630000000e-01 1.359101124e-01 7.630000000e-01
 1.409438202e-01 7.630000000e-01 1.459775281e-01 7.630000000e-01 1.510112360e-01
 7.630000000e-01 1.560449438e-01 7.630000000e-01 1.610786517e-01 7.630000000e-01
 1.661123596e-01 7.630000000e-01 1.711460674e-01 7.630000000e-01 1.761797753e-01
 7.630000000e-01 1.812134831e-01 7.630000000e-01 1.862471910e-01 7.630000000e-01
 1.912808989e-01 7.630000000e-01 1.963146067e-01 7.630000000e-01 2.013483146e-01
 7.630000000e-01 2.063820225e-01 7.630000000e-01 2.114157303e-01 7.630000000e-01
 2.164494382e-01 7.630000000e-01 2.214831461e-01 7.630000000e-01 2.265168539e-01
 7.630000000e-01 2.315505618e-01 7.630000000e-01 2.365842697e-01 7.630000000e-01
 2.416179775e-01 7.630000000e-01 2.466516854e-01 7.630000000e-01 2.516853933e-01
 7.630000000e-01 2.567191011e-01 7.630000000e-01 2.617528090e-01 7.630000000e-01
 2.667865169e-01 7.630000000e-01 2.718202247e-01 7.630000000e-01 2.768539326e-01
 7.630000000e-01 2.818876404e-01 7.630000000e-01 2.869213483e-01 7.630000000e-01
 2.919550562e-01 7.630000000e-01 2.969887640e-01 7.630000000e-01 3.020224719e-01
 7.630000000e-01 3.070561798e-01 7.630000000e-01 3.120898876e-01 7.630000000e-01
 3.171235955e-01 7.630000000e-01 3.221573034e-01 7.630000000e-01 3.271910112e-01
 7.630000000e-01 3.322247191e-01 7.630000000e-01 3.372584270e-01 7.630000000e-01
 3.422921348e-01 7.630000000e-01 3.473258427e-01 7.630000000e-01 3.523595506e-01
 7.630000000e-01 3.573932584e-01 7.630000000e-01 3.624269663e-01 7.630000000e-01
 3.674606742e-01 7.630000000e-01 3.724943820e-01 7.630000000e-01 3.775280899e-01
 7.630000000e-01 3.825617978e-01 7.630000000e-01 3.875955056e-01 7.630000000e-01
 3.926292135e-01 7.630000000e-01 3.976629213e-01 7.630000000e-01 4.026966292e-01
 7.630000000e-01 4.077303371e-01 7.630000000e-01 4.127640449e-01 7.630000000e-01
 4.177977528e-01 7.630000000e-01 4.228314607e-01 7.630000000e-01 4.278651685e-01
 7.630000000e-01 4.328988764e-01 7.630000000e-01 4.379325843e-01 7.630000000e-01
 4.429662921e-01 7.630000000e-01 4.480000000e-01 7.630000000e-01 4.480000000e-01
 7.590869565e-01 4.532173913e-01 7.551739130e-01 4.584347826e-01 7.512608696e-01
 4.636521739e-01 7.473478261e-01 4.688695652e-01 7.434347826e-01 4.740869565e-01
 7.395217391e-01 4.793043478e-01 7.356086957e-01 4.845217391e-01 7.316956522e-01
 4.897391304e-01 7.277826087e-01 4.949565217e-01 7.238695652e-01 5.001739130e-01
 7.199565217e-01 5.053913043e-01 7.160434783e-01 5.106086957e-01 7.121304348e-01
 5.158260870e-01 7.082173913e-01 5.210434783e-01 7.043043478e-01 5.262608696e-01
 7.003913043e-01 5.314782609e-01 6.964782609e-01 5.366956522e-01 6.925652174e-01
 5.419130435e-01 6.886521739e-01 5.471304348e-01 6.847391304e-01 5.523478261e-01
 6.808260870e-01 5.575652174e-01 6.769130435e-01 5.627826087e-01 6.730000000e-01
 5.680000000e-01 6.730000000e-01 5.680000000e-01 6.676470588e-01 5.680000000e-01
 6.622941176e-01 5.680000000e-01 6.569411765e-01 5.680000000e-01 6.515882353e-01
 5.680000000e-01 6.462352941e-01 5.680000000e-01 6.408823529e-01 5.680000000e-01
 6.355294118e-01 5.680000000e-01 6.301764706e-01 5.680000000e-01 6.248235294e-01
 5.680000000e-01 6.194705882e-01 5.680000000e-01 6.141176471e-01 5.680000000e-01
 6.087647059e-01 5.680000000e-01 6.034117647e-01 5.680000000e-01 5.980588235e-01
 5.680000000e-01 5.927058824e-01 5.680000000e-01 5.873529412e-01 5.680000000e-01
 5.820000000e-01 5.680000000e-01 5.820000000e-01 5.680000000e-01 5.803846154e-01
 5.733846154e-01 5.787692308e-01 5.787692308e-01 5.771538462e-01 5.841538462e-01
 5.755384615e-01 5.895384615e-01 5.739230769e-01 5.949230769e-01 5.723076923e-01
 6.003076923e-01 5.706923077e-01 6.056923077e-01 5.690769231e-01 6.110769231e-01
 5.674615385e-01 6.164615385e-01 5.658461538e-01 6.218461538e-01 5.642307692e-01
 6.272307692e-01 5.626153846e-01 6.326153846e-01 5.610000000e-01 6.380000000e-01
