101
3
81 91 101
1 1 1
0.000000
0.000000
0.000000
0.000000
0.000000
0.000000
0.000000
0.000000
0.000000
0.000000
0.000000
0.000000
0.000000
0.000000
0.000000
0.000000
0.000000
0.000000
0.000000
0.000000
0.000000
0.000000
0.000000
0.000000
0.000000
0.000000
0.000000
0.000000
0.000000
0.000000
0.000000
0.000000
0.000000
0.000000
0.000000
0.000000
0.000000
0.000000
0.000000
0.000000
0.000000
0.000000
0.000000
0.000000
0.000000
0.000000
0.000000
0.000000
0.000000
0.000000
0.000000
0.000000
0.000000
0.000000
0.000000
0.000000
0.000000
0.000000
0.000000
0.000000
0.000000
0.000000
0.000000
0.000000
0.000000
0.000000
0.000000
0.000000
0.000000
0.000000
0.000000
0.000000
0.000000
0.000000
0.000000
0.000000
0.000000
0.000000
0.000000
0.000000
0.000000
0.000000
0.000000
0.000000
0.000000
0.000000
0.000000
0.000000
0.000000
0.000000
0.000000
0.000000
0.000000
0.000000
0.000000
0.000000
0.000000
0.000000
0.000000
0.000000
0.000000
2
20000000000000000000.000000 0.020000
19998100000000000000.000000 0.019999
19992400000000000000.000000 0.019996
19982900000000000000.000000 0.019991
19969600000000000000.000000 0.019984
19952500000000000000.000000 0.019975
19931600000000000000.000000 0.019964
19906900000000000000.000000 0.019951
19878400000000000000.000000 0.019936
19846100000000000000.000000 0.019919
19810000000000000000.000000 0.019900
19770100000000000000.000000 0.019879
19726400000000000000.000000 0.019856
19678900000000000000.000000 0.019831
19627600000000000000.000000 0.019804
19572500000000000000.000000 0.019775
19513600000000000000.000000 0.019744
19450900000000000000.000000 0.019711
19384400000000000000.000000 0.019676
19314100000000000000.000000 0.019639
19240000000000000000.000000 0.019600
19162100000000000000.000000 0.019559
19080400000000000000.000000 0.019516
18994900000000000000.000000 0.019471
18905600000000000000.000000 0.019424
18812500000000000000.000000 0.019375
18715600000000000000.000000 0.019324
18614900000000000000.000000 0.019271
18510400000000000000.000000 0.019216
18402100000000002048.000000 0.019159
18290000000000000000.000000 0.019100
18174100000000000000.000000 0.019039
18054400000000000000.000000 0.018976
17930900000000000000.000000 0.018911
17803600000000000000.000000 0.018844
17672500000000000000.000000 0.018775
17537600000000002048.000000 0.018704
17398900000000000000.000000 0.018631
17256400000000000000.000000 0.018556
17110100000000000000.000000 0.018479
16960000000000000000.000000 0.018400
16806100000000000000.000000 0.018319
16648400000000000000.000000 0.018236
16486900000000002048.000000 0.018151
16321600000000000000.000000 0.018064
16152500000000000000.000000 0.017975
15979600000000000000.000000 0.017884
15802899999999997952.000000 0.017791
15622400000000000000.000000 0.017696
15438100000000002048.000000 0.017599
15250000000000000000.000000 0.017500
15058100000000000000.000000 0.017399
14862400000000000000.000000 0.017296
14662899999999997952.000000 0.017191
14459600000000000000.000000 0.017084
14252500000000002048.000000 0.016975
14041599999999997952.000000 0.016864
13826900000000000000.000000 0.016751
13608400000000000000.000000 0.016636
13386100000000000000.000000 0.016519
13160000000000000000.000000 0.016400
12930100000000000000.000000 0.016279
12696399999999997952.000000 0.016156
12458900000000000000.000000 0.016031
12217600000000002048.000000 0.015904
11972500000000000000.000000 0.015775
11723600000000000000.000000 0.015644
11470900000000000000.000000 0.015511
11214399999999997952.000000 0.015376
10954099999999997952.000000 0.015239
10689999999999997952.000000 0.015100
10422100000000000000.000000 0.014959
10150400000000000000.000000 0.014816
9874900000000000000.000000 0.014671
9595600000000000000.000000 0.014524
9312500000000000000.000000 0.014375
9025599999999998976.000000 0.014224
8734900000000000000.000000 0.014071
8440399999999997952.000000 0.013916
8142099999999997952.000000 0.013759
7839999999999996928.000000 0.013600
7534099999999996928.000000 0.013439
7224399999999997952.000000 0.013276
6910899999999998976.000000 0.013111
6593600000000002048.000000 0.012944
6272500000000001024.000000 0.012775
5947600000000002048.000000 0.012604
5618900000000000000.000000 0.012431
5286400000000000000.000000 0.012256
4950100000000000000.000000 0.012079
4609999999999998464.000000 0.011900
4266099999999999488.000000 0.011719
3918399999999999488.000000 0.011536
3566899999999997440.000000 0.011351
3211599999999996928.000000 0.011164
2852499999999998464.000000 0.010975
2489600000000000512.000000 0.010784
2122900000000001024.000000 0.010591
1752400000000001792.000000 0.010396
1378100000000000512.000000 0.010199
1000000000000000000.000000 0.010000
18000000000000000000.000000 0.010000
17998290000000002048.000000 0.010000
17993160000000002048.000000 0.010000
17984609999999997952.000000 0.010000
17972640000000000000.000000 0.010000
17957250000000002048.000000 0.010000
17938439999999997952.000000 0.010000
17916210000000002048.000000 0.010000
17890560000000000000.000000 0.010000
17861490000000000000.000000 0.010000
17829000000000002048.000000 0.010000
17793090000000000000.000000 0.010000
17753760000000002048.000000 0.010000
17711010000000000000.000000 0.010000
17664840000000002048.000000 0.010000
17615250000000002048.000000 0.010000
17562240000000000000.000000 0.010000
17505810000000000000.000000 0.010000
17445960000000000000.000000 0.010000
17382690000000000000.000000 0.010000
17316000000000000000.000000 0.010000
17245890000000000000.000000 0.010000
17172360000000000000.000000 0.010000
17095410000000002048.000000 0.010000
17015040000000002048.000000 0.010000
16931250000000002048.000000 0.010000
16844040000000002048.000000 0.010000
16753410000000002048.000000 0.010000
16659360000000000000.000000 0.010000
16561890000000002048.000000 0.010000
16460999999999997952.000000 0.010000
16356690000000000000.000000 0.010000
16248959999999997952.000000 0.010000
16137810000000002048.000000 0.010000
16023240000000000000.000000 0.010000
15905250000000000000.000000 0.010000
15783840000000002048.000000 0.010000
15659010000000000000.000000 0.010000
15530760000000002048.000000 0.010000
15399090000000000000.000000 0.010000
15264000000000000000.000000 0.010000
15125490000000000000.000000 0.010000
14983560000000000000.000000 0.010000
14838210000000002048.000000 0.010000
14689440000000000000.000000 0.010000
14537250000000002048.000000 0.010000
14381640000000000000.000000 0.010000
14222609999999997952.000000 0.010000
14060160000000002048.000000 0.010000
13894290000000002048.000000 0.010000
13725000000000000000.000000 0.010000
13552290000000000000.000000 0.010000
13376160000000002048.000000 0.010000
13196610000000000000.000000 0.010000
13013640000000000000.000000 0.010000
12827250000000002048.000000 0.010000
12637440000000000000.000000 0.010000
12444210000000000000.000000 0.010000
12247560000000002048.000000 0.010000
12047490000000000000.000000 0.010000
11844000000000002048.000000 0.010000
11637090000000002048.000000 0.010000
11426760000000000000.000000 0.010000
11213009999999997952.000000 0.010000
10995840000000002048.000000 0.010000
10775250000000000000.000000 0.010000
10551240000000002048.000000 0.010000
10323810000000000000.000000 0.010000
10092959999999997952.000000 0.010000
9858689999999997952.000000 0.010000
9620999999999997952.000000 0.010000
9379890000000000000.000000 0.010000
9135360000000000000.000000 0.010000
8887410000000001024.000000 0.010000
8636040000000000000.000000 0.010000
8381249999999998976.000000 0.010000
8123039999999998976.000000 0.010000
7861410000000000000.000000 0.010000
7596359999999998976.000000 0.010000
7327889999999997952.000000 0.010000
7055999999999997952.000000 0.010000
6780689999999996928.000000 0.010000
6501959999999997952.000000 0.010000
6219809999999998976.000000 0.010000
5934240000000002048.000000 0.010000
5645250000000001024.000000 0.010000
5352840000000002048.000000 0.010000
5057010000000001024.000000 0.010000
4757760000000000000.000000 0.010000
4455090000000000000.000000 0.010000
4148999999999998976.000000 0.010000
3839489999999999488.000000 0.010000
3526559999999999488.000000 0.010000
3210209999999997952.000000 0.010000
2890439999999996928.000000 0.010000
2567249999999998464.000000 0.010000
2240640000000000512.000000 0.010000
1910610000000001024.000000 0.010000
1577160000000001536.000000 0.010000
1240290000000000512.000000 0.010000
900000000000000128.000000 0.010000
333333333333333312.000000 0.010000
333301666666666688.000000 0.010000
333206666666666624.000000 0.010000
333048333333333312.000000 0.010000
332826666666666624.000000 0.010000
332541666666666688.000000 0.010000
332193333333333312.000000 0.010000
331781666666666688.000000 0.010000
331306666666666688.000000 0.010000
330768333333333312.000000 0.010000
330166666666666688.000000 0.010000
329501666666666624.000000 0.010000
328773333333333376.000000 0.010000
327981666666666624.000000 0.010000
327126666666666688.000000 0.010000
326208333333333376.000000 0.010000
325226666666666624.000000 0.010000
324181666666666624.000000 0.010000
323073333333333312.000000 0.010000
321901666666666624.000000 0.010000
320666666666666688.000000 0.010000
319368333333333312.000000 0.010000
318006666666666624.000000 0.010000
316581666666666688.000000 0.010000
315093333333333312.000000 0.010000
313541666666666688.000000 0.010000
311926666666666688.000000 0.010000
310248333333333376.000000 0.010000
308506666666666624.000000 0.010000
306701666666666688.000000 0.010000
304833333333333312.000000 0.010000
302901666666666688.000000 0.010000
300906666666666624.000000 0.010000
298848333333333312.000000 0.010000
296726666666666688.000000 0.010000
294541666666666688.000000 0.010000
292293333333333376.000000 0.010000
289981666666666624.000000 0.010000
287606666666666656.000000 0.010000
285168333333333312.000000 0.010000
282666666666666656.000000 0.010000
280101666666666656.000000 0.010000
277473333333333344.000000 0.010000
274781666666666688.000000 0.010000
272026666666666656.000000 0.010000
269208333333333344.000000 0.010000
266326666666666656.000000 0.010000
263381666666666624.000000 0.010000
260373333333333312.000000 0.010000
257301666666666688.000000 0.010000
254166666666666624.000000 0.010000
250968333333333344.000000 0.010000
247706666666666656.000000 0.010000
244381666666666624.000000 0.010000
240993333333333312.000000 0.010000
237541666666666688.000000 0.010000
234026666666666656.000000 0.010000
230448333333333344.000000 0.010000
226806666666666688.000000 0.010000
223101666666666688.000000 0.010000
219333333333333312.000000 0.010000
215501666666666656.000000 0.010000
211606666666666656.000000 0.010000
207648333333333344.000000 0.010000
203626666666666688.000000 0.010000
199541666666666656.000000 0.010000
195393333333333344.000000 0.010000
191181666666666656.000000 0.010000
186906666666666624.000000 0.010000
182568333333333312.000000 0.010000
178166666666666624.000000 0.010000
173701666666666688.000000 0.010000
169173333333333344.000000 0.010000
164581666666666688.000000 0.010000
159926666666666656.000000 0.010000
155208333333333312.000000 0.010000
150426666666666656.000000 0.010000
145581666666666656.000000 0.010000
140673333333333296.000000 0.010000
135701666666666624.000000 0.010000
130666666666666624.000000 0.010000
125568333333333280.000000 0.010000
120406666666666624.000000 0.010000
115181666666666640.000000 0.010000
109893333333333360.000000 0.010000
104541666666666672.000000 0.010000
99126666666666704.000000 0.010000
93648333333333328.000000 0.010000
88106666666666656.000000 0.010000
82501666666666656.000000 0.010000
76833333333333312.000000 0.010000
71101666666666656.000000 0.010000
65306666666666664.000000 0.010000
59448333333333288.000000 0.010000
53526666666666608.000000 0.010000
47541666666666632.000000 0.010000
41493333333333336.000000 0.010000
35381666666666680.000000 0.010000
29206666666666696.000000 0.010000
22968333333333340.000000 0.010000
16666666666666668.000000 0.010000
0.000000
0.000000
0.000000
0.000000
0.000000
0.000000
0.000000
0.000000
0.000000
0.000000
0.000000
0.000000
0.000000
0.000000
0.000000
0.000000
0.000000
0.000000
0.000000
0.000000
0.000000
0.000000
0.000000
0.000000
0.000000
0.000000
0.000000
0.000000
0.000000
0.000000
0.000000
0.000000
0.000000
0.000000
0.000000
0.000000
0.000000
0.000000
0.000000
0.000000
0.000000
0.000000
0.000000
0.000000
0.000000
0.000000
0.000000
0.000000
0.000000
0.000000
0.000000
0.000000
0.000000
0.000000
0.000000
0.000000
0.000000
0.000000
0.000000
0.000000
0.000000
0.000000
0.000000
0.000000
0.000000
0.000000
0.000000
0.000000
0.000000
0.000000
0.000000
0.000000
0.000000
0.000000
0.000000
0.000000
0.000000
0.000000
0.000000
0.000000
0.000000
0.000000
0.000000
0.000000
0.000000
0.000000
0.000000
0.000000
0.000000
0.000000
0.000000
0.000000
0.000000
0.000000
0.000000
0.000000
0.000000
0.000000
0.000000
0.000000
0.000000
0.
0.
0.
0.
0.
0.
0.
0.
0.
0.
0.
0.
0.
0.
0.
0.
0.
0.
0.
0.
0.
0.
0.
0.
0.
0.
0.
0.
0.
0.
0.
0.
0.
0.
0.
0.
0.
0.
0.
0.
0.
0.
0.
0.
0.
0.
0.
0.
0.
0.
0.
0.
0.
0.
0.
0.
0.
0.
0.
0.
0.
0.
0.
0.
0.
0.
0.
0.
0.
0.
0.
0.
0.
0.
0.
0.
0.
0.
0.
0.
0.
0.
0.
0.
0.
0.
0.
0.
0.
0.
0.
0.
0.
0.
0.
0.
0.
0.
0.
0.
0.
0.
0.
0.
0.
0.
0.
0.
0.
0.
0.
0.
0.
0.
0.
0.
0.
0.
0.
0.
0.
0.
0.
0.
0.
0.
0.
0.
0.
0.
0.
0.
0.
0.
0.
0.
0.
0.
0.
0.
0.
0.
0.
0.
0.
0.
0.
0.
0.
0.
0.
0.
0.
0.
0.
0.
0.
0.
0.
0.
0.
0.
0.
0.
0.
0.
0.
0.
0.
0.
0.
0.
0.
0.
0.
0.
0.
0.
0.
0.
0.
0.
0.
0.
0.
0.
0.
0.
0.
0.
0.
0.
0.
0.
0.
0.
0.
0.
0.
0.
0.
0.
1.500000
1.500000
1.500000
1.500000
1.500000
1.500000
1.500000
1.500000
1.500000
1.500000
1.500000
1.500000
1.500000
1.500000
1.500000
1.500000
1.500000
1.500000
1.500000
1.500000
1.500000
1.500000
1.500000
1.500000
1.500000
1.500000
1.500000
1.500000
1.500000
1.500000
1.500000
1.500000
1.500000
1.500000
1.500000
1.500000
1.500000
1.500000
1.500000
1.500000
1.500000
1.500000
1.500000
1.500000
1.500000
1.500000
1.500000
1.500000
1.500000
1.500000
1.500000
1.500000
1.500000
1.500000
1.500000
1.500000
1.500000
1.500000
1.500000
1.500000
1.500000
1.500000
1.500000
1.500000
1.500000
1.500000
1.500000
1.500000
1.500000
1.500000
1.500000
1.500000
1.500000
1.500000
1.500000
1.500000
1.500000
1.500000
1.500000
1.500000
1.500000
1.500000
1.500000
1.500000
1.500000
1.500000
1.500000
1.500000
1.500000
1.500000
1.500000
1.500000
1.500000
1.500000
1.500000
1.500000
1.500000
1.500000
1.500000
1.500000
1.500000
1
200000.000000 10.000000
6.e16
1
0.00015