&MACHINEIN
 DEVICE="VEST      ",
 NSILDS=1          ,
 NSILOL=10         ,
 NFCOIL=16         ,
 NROGOW=1          ,
 NACOIL=0          ,
 MFCOIL=16         ,
 NECOIL=0          ,
 NVESEL=950        ,
 MPRESS=201        ,
 NESUM=0          ,
 MAGPRI67=1          ,
 MAGPRI322=60         ,
 MAGPRIRDP=1          ,
 MAGUDOM=1          ,
 MAGLDS=1          ,
 MSE315=40         ,
 MSE45=0          ,
 MSE15=0          ,
 MSE1H=0          ,
 MSE315_2=0          ,
 MSE210=0          ,
 LIBIM=32         ,
 NMSELS=16         ,
 NNECE=40         ,
 NNECEIN=80         ,
 NECEO=1          ,
 NNNTE=801        ,
 NGAM_VARS=9          ,
 NGAM_U=5          ,
 NGAM_W=3          ,
 NLIMIT=160        ,
 NLIMBD=6          ,
 NANGLE=64         ,
 NTANGLE=12         ,
 NFBCOIL=12         ,
 MCCOIL=6          ,
 MICOIL=12         ,
 NDATA=61         ,
 NWWCUR=32         ,
 NFFCUR=32         ,
 NPPCUR=32         ,
 NERCUR=32         ,
 NTIME=1001       ,
 NDIM=3200       ,
 KXITER=515        ,
 MQWANT=66         ,
 MBDRY=300        ,
 MBDRY1=110        ,
 NXTRAM=10         ,
 NXTLIM=9          ,
 NCO2V=3          ,
 NCO2R=2          ,
 MODEF=4          ,
 MODEP=4          ,
 MODEW=4          ,
 KUBICS=4          ,
 NFOURIER=5          ,
 ALI_MAX=  2.5000000000000000     ,
 ALI_MIN=  5.0000000000000003E-002,
 BETAP_LIM=  6.0000000000000000     ,
 PLASMA_DIFF=  8.0000000000000002E-002,
 AOUT_MAX=  75.000000000000000     ,
 AOUT_MIN=  10.000000000000000     ,
 EOUT_MAX=  4.0000000000000000     ,
 EOUT_MIN= 0.80000000000000004     ,
 ROUT_MAX=  70.00000000000000     ,
 ROUT_MIN=  15.000000000000000     ,
 ZOUT_MAX=  100.00000000000000     ,
 ZOUT_MIN= -100.00000000000000     ,
 RCURRT_MAX=  70.00000000000000     ,
 RCURRT_MIN=  15.000000000000000     ,
 ZCURRT_MAX=  100.00000000000000     ,
 ZCURRT_MIN= -100.00000000000000     ,
 QSTA_MAX=  200.00000000000000     ,
 QSTA_MIN=  1.0000000000000000     ,
 BETAT_LIM=  25.000000000000000     ,
 OLEFT_LIM=-0.20000000000000001     ,
 ORIGHT_LIM=-0.20000000000000001     ,
 OTOP_LIM=-0.20000000000000001     ,
 OLEFS_CHECK= -90.000000000000000     ,
 QOUT_MAX=  200.00000000000000     ,
 QOUT_MIN=  1.0000000000000000     ,
 DBPLI_LIM=  5.0000000000000003E-002,
 DELBP_LIM=  8.0000000000000002E-002,
 /
&IN3
 MPNAM2= 64*"MagneticFi",
 XMP2= 27*8.8999999999999996E-002  , 21*0.79600000000000004      , 16*0.13769999999999999      ,
 YMP2= 0.54000000000000004     , 0.50000000000000000     , 0.46000000000000002     , 0.41999999999999998     , 0.38000000000000000     ,
  0.34000000000000002     , 0.29999999999999999     , 0.26000000000000001     , 0.22000000000000000     , 0.16000000000000000     , 0.12000000000000000     ,
   8.0000000000000002E-002,  4.0000000000000001E-002,  0.0000000000000000     , -4.0000000000000001E-002, -8.0000000000000002E-002,-0.12000000000000000     ,
 -0.16000000000000000     ,-0.22000000000000000     ,-0.26000000000000001     ,-0.29999999999999999     ,-0.34000000000000002     ,-0.38000000000000000     ,
 -0.41999999999999998     ,-0.46000000000000002     ,-0.50000000000000000     ,-0.54000000000000004     , 0.41999999999999998     , 0.38000000000000000     ,
  0.34000000000000002     , 0.29999999999999999     , 0.26000000000000001     , 0.22000000000000000     , 0.17999999999999999     , 0.10000000000000001     ,
   5.9999999999999998E-002,  2.0000000000000000E-002, -2.0000000000000000E-002, -5.9999999999999998E-002,-0.10000000000000001     ,-0.14000000000000001     ,
 -0.17999999999999999     ,-0.22000000000000000     ,-0.26000000000000001     ,-0.29999999999999999     ,-0.34000000000000002     ,-0.38000000000000000     ,
 -0.41999999999999998     , 0.83279999999999998     , 0.87280000000000002     , 0.91279999999999994     , 0.95279999999999998     , 0.99280000000000002     ,
   1.0327999999999999     ,  1.0728000000000000     ,  1.1128000000000000     ,-0.83279999999999998     ,-0.87280000000000002     ,-0.91279999999999994     ,
 -0.95279999999999998     ,-0.99280000000000002     , -1.0327999999999999     , -1.0728000000000000     , -1.1128000000000000     ,
 AMP2= 64*-270.00000000000000      ,
 SMP2= 64*1.0000000000000000E-002  ,
 RSI= 0.59199999999999997     , 2*0.79200000000000004      , 0.59199999999999997     , 0.13800000000000001     ,  9.0999999999999998E-002,
  0.13800000000000001     , 0.13000000000000000     , 0.10600000000000000     , 0.13000000000000000     , 0.10600000000000000     ,
 ZSI= 0.68500000000000005     , 0.46000000000000002     ,-0.46000000000000002     ,-0.68500000000000005     ,-0.80500000000000005     ,
   4.0000000000000001E-002, 0.80500000000000005     , 0.69599999999999995     , 0.62000000000000000     ,-0.69599999999999995     ,-0.62000000000000000     ,
 
 WSI= 11*0.0000000000000000       ,
 AS= 11*0.0000000000000000       ,
 AS2= 11*0.0000000000000000       ,
 LPNAME= 11*"Flux Loop ",
 RSISVS= 720*7.8000000000000005E-007  , 230*5.5999999999999999E-008  ,
 TURNFC= 16*1.0000000000000000       ,
 PATMP2= 64*0.0000000000000000       ,
 ZACOIL=
 WACOIL=
 HACOIL=
 RF= 8*5.2999999999999999E-002  , 4*0.70999999999999996      , 4*0.93000000000000005      ,
 ZF= 0.14999999999999999     , 0.45000000000000001     , 0.75000000000000000     ,  1.0500000000000000     ,-0.14999999999999999     ,
 -0.45000000000000001     ,-0.75000000000000000     , -1.0500000000000000     ,  1.1499999999999999     , -1.1499999999999999     , 0.87500000000000000     ,
 -0.87500000000000000     , 0.52229999999999999     ,-0.52229999999999999     , 0.48070000000000002     ,-0.48070000000000002     ,
 FCID=1          ,2          ,3          ,4          ,5          ,
 6          ,7          ,8          ,9          ,10         ,11         ,
 12         ,13         ,14         ,15         ,16         ,
 WF= 8*1.7200000000000000E-002  , 8*4.2000000000000003E-002  ,
 HF= 8*0.29999999999999999      , 4*1.4500000000000001E-002  , 4*3.2399999999999998E-002  ,
 WVS= 240*6.0000000000000053E-003  , 14*2.0000000000000018E-002  ,  6.9999999999998952E-003, 4*2.0000000000000018E-002  ,  6.9999999999998952E-003,
  5*2.0000000000000018E-002  ,  1.6299999999999981E-002,  2.0000000000000018E-002,  1.0000000000000009E-002, 5*2.0000000000000018E-002  ,  1.6299999999999981E-002,
   2.0000000000000018E-002,  1.0000000000000009E-002, 46*3.4000000000000141E-003  , 230*2.7999999999999969E-003  , 20*5.0000000000000044E-003  , 14*2.0000000000000018E-002  ,
   1.0999999999999899E-002, 29*6.0000000000000053E-003  , 7*2.0000000000000018E-002  ,  1.2999999999999901E-002, 21*2.0000000000000018E-002  ,  2.9999999999998916E-003,
  14*2.0000000000000018E-002  ,  1.0999999999999899E-002, 29*6.0000000000000053E-003  , 7*2.0000000000000018E-002  ,  1.2999999999999901E-002, 21*2.0000000000000018E-002  ,
   2.9999999999998916E-003, 230*9.9999999999988987E-005  ,
 HVS= 19*4.9999999999998934E-003  ,  4.9999999999999489E-003, 93*5.0000000000000044E-003  ,  5.0000000000000010E-003, 2*4.9999999999999975E-003  ,
   4.9999999999999992E-003, 2*5.0000000000000010E-003  , 2*5.0000000000000001E-003  , 2*5.0000000000000010E-003  ,  4.9999999999999992E-003, 2*4.9999999999999975E-003  ,
   5.0000000000000010E-003, 93*5.0000000000000044E-003  ,  4.9999999999999489E-003, 19*4.9999999999998934E-003  , 10*1.4999999999999902E-002  , 10*1.2999999999999901E-002  ,
  6*1.6999999999999904E-002  , 2*1.5000000000000124E-002  , 6*1.6999999999999904E-002  , 2*1.5000000000000124E-002  , 12*2.0000000000000018E-002  ,  1.9999999999999907E-002,
  9*2.0000000000000018E-002  ,  1.3999999999999790E-002, 22*2.0000000000000018E-002  ,  1.4000000000000012E-002, 14*4.9999999999998934E-003  ,  4.9999999999999489E-003,
  93*5.0000000000000044E-003  ,  5.0000000000000010E-003, 2*4.9999999999999975E-003  ,  4.9999999999999992E-003,  5.0000000000000010E-003,  4.9999999999999992E-003,
  2*5.0000000000000001E-003  , 2*5.0000000000000010E-003  , 3*4.9999999999999975E-003  ,  5.0000000000000010E-003, 93*5.0000000000000044E-003  , 14*4.9999999999998934E-003  ,
   2.9999999999998916E-003, 20*1.7099999999999893E-002  , 15*1.4999999999999902E-002  , 28*2.0000000000000018E-002  ,  1.2000000000000011E-002, 4*1.5000000000000124E-002  ,
  4*1.2999999999999901E-002  , 22*1.5000000000000124E-002  , 15*1.4999999999999902E-002  , 9*2.0000000000000018E-002  ,  1.9999999999999907E-002, 18*2.0000000000000018E-002  ,
   1.2000000000000011E-002, 4*1.5000000000000124E-002  , 4*1.2999999999999901E-002  , 22*1.5000000000000124E-002  , 14*4.9999999999998934E-003  ,  4.9999999999999489E-003,
  93*5.0000000000000044E-003  ,  5.0000000000000010E-003, 2*4.9999999999999975E-003  ,  4.9999999999999992E-003, 2*5.0000000000000010E-003  , 2*5.0000000000000001E-003  ,
  2*5.0000000000000010E-003  ,  4.9999999999999992E-003, 2*4.9999999999999975E-003  ,  5.0000000000000010E-003, 93*5.0000000000000044E-003  ,  4.9999999999999489E-003,
  14*4.9999999999998934E-003  ,
 AVS= 950*0.0000000000000000       ,
 AVS2= 950*0.0000000000000000       ,
 AF= 16*0.0000000000000000       ,
 AF2= 16*0.0000000000000000       ,
 RE=
 ZE=
 ECID=
 RVS= 240*0.80299999999999994      , 0.70999999999999996     , 0.72999999999999998     , 0.75000000000000000     , 0.77000000000000002     ,
  0.79000000000000004     , 0.70999999999999996     , 0.72999999999999998     , 0.75000000000000000     , 0.77000000000000002     , 0.79000000000000004     ,
  0.81599999999999995     , 0.83599999999999997     , 0.85599999999999998     , 0.87600000000000000     , 0.88949999999999996     , 0.81599999999999995     ,
  0.83599999999999997     , 0.85599999999999998     , 0.87600000000000000     , 0.88949999999999996     , 0.14369999999999999     , 0.16370000000000001     ,
  0.18370000000000000     , 0.20369999999999999     , 0.22370000000000001     , 0.24185000000000001     , 0.26000000000000001     , 0.27500000000000002     ,
  0.14369999999999999     , 0.16370000000000001     , 0.18370000000000000     , 0.20369999999999999     , 0.22370000000000001     , 0.24185000000000001     ,
  0.26000000000000001     , 0.27500000000000002     , 46*0.13200000000000001      , 230*8.1199999999999994E-002  ,  8.5070000000000007E-002,  9.0010000000000007E-002,
   9.4950000000000007E-002,  9.9890000000000007E-002, 0.10483000000000001     , 0.10977000000000001     , 0.11471000000000001     , 0.11965000000000001     ,
  0.12459000000000001     , 0.12953000000000001     ,  8.5070000000000007E-002,  9.0010000000000007E-002,  9.4950000000000007E-002,  9.9890000000000007E-002,
  0.10483000000000001     , 0.10977000000000001     , 0.11471000000000001     , 0.11965000000000001     , 0.12459000000000001     , 0.12953000000000001     ,
  0.61199999999999999     , 0.63200000000000001     , 0.65200000000000002     , 0.67200000000000004     , 0.69199999999999995     , 0.71199999999999997     ,
  0.73199999999999998     , 0.75200000000000000     , 0.77200000000000002     , 0.79200000000000004     , 0.81200000000000006     , 0.83199999999999996     ,
  0.85199999999999998     , 0.87200000000000000     , 0.88749999999999996     , 29*0.60299999999999998      , 0.53000000000000003     , 0.55000000000000004     ,
  0.56999999999999995     , 0.58999999999999997     , 0.60999999999999999     , 0.63000000000000000     , 0.65000000000000002     , 0.66649999999999998     ,
  0.26000000000000001     , 0.28000000000000003     , 0.29999999999999999     , 0.32000000000000001     , 0.34000000000000002     , 0.35999999999999999     ,
  0.38000000000000000     , 0.40000000000000002     , 0.41999999999999998     , 0.44000000000000000     , 0.46000000000000002     , 0.47999999999999998     ,
  0.50000000000000000     , 0.52000000000000002     , 0.54000000000000004     , 0.56000000000000005     , 0.57999999999999996     , 0.59999999999999998     ,
  0.62000000000000000     , 0.64000000000000001     , 0.66000000000000003     , 0.67149999999999999     , 0.61199999999999999     , 0.63200000000000001     ,
  0.65200000000000002     , 0.67200000000000004     , 0.69199999999999995     , 0.71199999999999997     , 0.73199999999999998     , 0.75200000000000000     ,
  0.77200000000000002     , 0.79200000000000004     , 0.81200000000000006     , 0.83199999999999996     , 0.85199999999999998     , 0.87200000000000000     ,
  0.88749999999999996     , 29*0.60299999999999998      , 0.53000000000000003     , 0.55000000000000004     , 0.56999999999999995     , 0.58999999999999997     ,
  0.60999999999999999     , 0.63000000000000000     , 0.65000000000000002     , 0.66649999999999998     , 0.26000000000000001     , 0.28000000000000003     ,
  0.29999999999999999     , 0.32000000000000001     , 0.34000000000000002     , 0.35999999999999999     , 0.38000000000000000     , 0.40000000000000002     ,
  0.41999999999999998     , 0.44000000000000000     , 0.46000000000000002     , 0.47999999999999998     , 0.50000000000000000     , 0.52000000000000002     ,
  0.54000000000000004     , 0.56000000000000005     , 0.57999999999999996     , 0.59999999999999998     , 0.62000000000000000     , 0.64000000000000001     ,
  0.66000000000000003     , 0.67149999999999999     , 230*0.10000000000000001      ,
 ZVS=-0.59750000000000003     ,-0.59250000000000003     ,-0.58750000000000002     ,-0.58250000000000002     ,-0.57750000000000001     ,
 -0.57250000000000001     ,-0.56750000000000000     ,-0.56250000000000000     ,-0.55750000000000000     ,-0.55249999999999999     ,-0.54749999999999999     ,
 -0.54249999999999998     ,-0.53749999999999998     ,-0.53249999999999997     ,-0.52749999999999997     ,-0.52249999999999996     ,-0.51749999999999996     ,
 -0.51249999999999996     ,-0.50749999999999995     ,-0.50249999999999995     ,-0.49750000000000005     ,-0.49249999999999999     ,-0.48749999999999993     ,
 -0.48249999999999998     ,-0.47750000000000004     ,-0.47249999999999998     ,-0.46750000000000003     ,-0.46250000000000002     ,-0.45750000000000002     ,
 -0.45250000000000001     ,-0.44750000000000001     ,-0.44250000000000000     ,-0.43750000000000000     ,-0.43250000000000000     ,-0.42749999999999999     ,
 -0.42249999999999999     ,-0.41749999999999998     ,-0.41249999999999998     ,-0.40749999999999997     ,-0.40249999999999997     ,-0.39750000000000002     ,
 -0.39250000000000007     ,-0.38750000000000001     ,-0.38249999999999995     ,-0.37750000000000000     ,-0.37250000000000005     ,-0.36749999999999999     ,
 -0.36249999999999993     ,-0.35749999999999998     ,-0.35250000000000004     ,-0.34749999999999998     ,-0.34250000000000003     ,-0.33750000000000002     ,
 -0.33250000000000002     ,-0.32750000000000001     ,-0.32250000000000001     ,-0.31750000000000000     ,-0.31250000000000000     ,-0.30750000000000000     ,
 -0.30249999999999999     ,-0.29749999999999999     ,-0.29249999999999998     ,-0.28749999999999998     ,-0.28249999999999997     ,-0.27750000000000002     ,
 -0.27250000000000002     ,-0.26750000000000002     ,-0.26250000000000001     ,-0.25750000000000001     ,-0.25250000000000000     ,-0.24750000000000000     ,
 -0.24249999999999999     ,-0.23749999999999999     ,-0.23250000000000001     ,-0.22750000000000001     ,-0.22250000000000000     ,-0.21750000000000000     ,
 -0.21249999999999999     ,-0.20749999999999999     ,-0.20250000000000001     ,-0.19750000000000001     ,-0.19250000000000000     ,-0.18750000000000000     ,
 -0.18250000000000000     ,-0.17749999999999999     ,-0.17249999999999999     ,-0.16750000000000001     ,-0.16250000000000001     ,-0.15750000000000000     ,
 -0.15250000000000000     ,-0.14749999999999999     ,-0.14249999999999999     ,-0.13750000000000001     ,-0.13250000000000001     ,-0.12750000000000000     ,
 -0.12250000000000000     ,-0.11749999999999999     ,-0.11250000000000000     ,-0.10750000000000000     ,-0.10249999999999999     , -9.7500000000000003E-002,
  -9.2499999999999999E-002, -8.7499999999999994E-002, -8.2500000000000004E-002, -7.7499999999999999E-002, -7.2499999999999995E-002, -6.7500000000000004E-002,
  -6.2500000000000000E-002, -5.7500000000000002E-002, -5.2499999999999998E-002, -4.7500000000000001E-002, -4.2500000000000003E-002, -3.7499999999999999E-002,
  -3.2500000000000001E-002, -2.7499999999999997E-002, -2.2499999999999999E-002, -1.7500000000000002E-002, -1.2500000000000001E-002, -7.4999999999999997E-003,
  -2.5000000000000001E-003,  2.5000000000000001E-003,  7.4999999999999997E-003,  1.2500000000000001E-002,  1.7500000000000002E-002,  2.2499999999999999E-002,
   2.7500000000000000E-002,  3.2500000000000001E-002,  3.7499999999999999E-002,  4.2500000000000003E-002,  4.7500000000000001E-002,  5.2499999999999998E-002,
   5.7500000000000002E-002,  6.2500000000000000E-002,  6.7500000000000004E-002,  7.2499999999999995E-002,  7.7499999999999999E-002,  8.2500000000000004E-002,
   8.7499999999999994E-002,  9.2499999999999999E-002,  9.7500000000000003E-002, 0.10249999999999999     , 0.10750000000000000     , 0.11250000000000000     ,
  0.11749999999999999     , 0.12250000000000000     , 0.12750000000000000     , 0.13250000000000001     , 0.13750000000000001     , 0.14249999999999999     ,
  0.14749999999999999     , 0.15250000000000000     , 0.15750000000000000     , 0.16250000000000001     , 0.16750000000000001     , 0.17249999999999999     ,
  0.17749999999999999     , 0.18250000000000000     , 0.18750000000000000     , 0.19250000000000000     , 0.19750000000000001     , 0.20250000000000001     ,
  0.20749999999999999     , 0.21249999999999999     , 0.21750000000000000     , 0.22250000000000000     , 0.22750000000000001     , 0.23250000000000001     ,
  0.23749999999999999     , 0.24249999999999999     , 0.24750000000000000     , 0.25250000000000000     , 0.25750000000000001     , 0.26250000000000001     ,
  0.26750000000000002     , 0.27250000000000002     , 0.27750000000000002     , 0.28249999999999997     , 0.28749999999999998     , 0.29249999999999998     ,
  0.29749999999999999     , 0.30249999999999999     , 0.30750000000000000     , 0.31250000000000000     , 0.31750000000000000     , 0.32250000000000001     ,
  0.32750000000000001     , 0.33250000000000002     , 0.33750000000000002     , 0.34250000000000003     , 0.34750000000000003     , 0.35249999999999998     ,
  0.35749999999999993     , 0.36249999999999999     , 0.36750000000000005     , 0.37250000000000000     , 0.37749999999999995     , 0.38250000000000001     ,
  0.38750000000000007     , 0.39250000000000002     , 0.39749999999999996     , 0.40250000000000002     , 0.40749999999999997     , 0.41249999999999998     ,
  0.41749999999999998     , 0.42249999999999999     , 0.42749999999999999     , 0.43250000000000000     , 0.43750000000000000     , 0.44250000000000000     ,
  0.44750000000000001     , 0.45250000000000001     , 0.45750000000000002     , 0.46250000000000002     , 0.46750000000000003     , 0.47250000000000003     ,
  0.47749999999999998     , 0.48249999999999993     , 0.48749999999999999     , 0.49250000000000005     , 0.49750000000000000     , 0.50249999999999995     ,
  0.50749999999999995     , 0.51249999999999996     , 0.51749999999999996     , 0.52249999999999996     , 0.52749999999999997     , 0.53249999999999997     ,
  0.53749999999999998     , 0.54249999999999998     , 0.54749999999999999     , 0.55249999999999999     , 0.55750000000000000     , 0.56250000000000000     ,
  0.56750000000000000     , 0.57250000000000001     , 0.57750000000000001     , 0.58250000000000002     , 0.58750000000000002     , 0.59250000000000003     ,
  0.59750000000000003     , 5*0.59250000000000003      , 5*-0.59250000000000003     , 5*0.59350000000000003      , 5*-0.59350000000000003     , 6*1.1935000000000000       ,
  2*1.1924999999999999       , 6*-1.1935000000000000      , 2*-1.1924999999999999      , 0.75500000000000000     , 0.77500000000000002     , 0.79500000000000004     ,
  0.81499999999999995     , 0.83499999999999996     , 0.85499999999999998     , 0.87500000000000000     , 0.89500000000000002     , 0.91500000000000004     ,
  0.93500000000000005     , 0.95499999999999996     , 0.97499999999999998     , 0.99499999999999988     ,  1.0149999999999999     ,  1.0349999999999999     ,
   1.0549999999999999     ,  1.0750000000000000     ,  1.0950000000000000     ,  1.1150000000000000     ,  1.1350000000000000     ,  1.1550000000000000     ,
   1.1750000000000000     ,  1.1919999999999999     , -1.1890000000000001     , -1.1690000000000000     , -1.1490000000000000     , -1.1290000000000000     ,
  -1.1090000000000000     , -1.0890000000000000     , -1.0690000000000000     , -1.0489999999999999     , -1.0289999999999999     , -1.0089999999999999     ,
 -0.98899999999999999     ,-0.96899999999999997     ,-0.94899999999999995     ,-0.92900000000000005     ,-0.90900000000000003     ,-0.88900000000000001     ,
 -0.86899999999999999     ,-0.84899999999999998     ,-0.82899999999999996     ,-0.80900000000000005     ,-0.78900000000000003     ,-0.76900000000000002     ,
 -0.75200000000000000     ,-0.57150000000000001     ,-0.56650000000000000     ,-0.56150000000000000     ,-0.55649999999999999     ,-0.55149999999999999     ,
 -0.54649999999999999     ,-0.54149999999999998     ,-0.53649999999999998     ,-0.53149999999999997     ,-0.52649999999999997     ,-0.52149999999999996     ,
 -0.51649999999999996     ,-0.51149999999999995     ,-0.50649999999999995     ,-0.50149999999999995     ,-0.49650000000000000     ,-0.49149999999999994     ,
 -0.48649999999999999     ,-0.48150000000000004     ,-0.47649999999999998     ,-0.47149999999999992     ,-0.46650000000000003     ,-0.46150000000000002     ,
 -0.45650000000000002     ,-0.45150000000000001     ,-0.44650000000000001     ,-0.44150000000000000     ,-0.43650000000000000     ,-0.43149999999999999     ,
 -0.42649999999999999     ,-0.42149999999999999     ,-0.41649999999999998     ,-0.41149999999999998     ,-0.40649999999999997     ,-0.40150000000000002     ,
 -0.39650000000000007     ,-0.39150000000000001     ,-0.38649999999999995     ,-0.38150000000000001     ,-0.37650000000000006     ,-0.37150000000000000     ,
 -0.36649999999999994     ,-0.36149999999999999     ,-0.35650000000000004     ,-0.35149999999999998     ,-0.34649999999999992     ,-0.34150000000000003     ,
 -0.33650000000000002     ,-0.33150000000000002     ,-0.32650000000000001     ,-0.32150000000000001     ,-0.31650000000000000     ,-0.31150000000000000     ,
 -0.30649999999999999     ,-0.30149999999999999     ,-0.29649999999999999     ,-0.29149999999999998     ,-0.28649999999999998     ,-0.28149999999999997     ,
 -0.27650000000000002     ,-0.27150000000000002     ,-0.26650000000000001     ,-0.26150000000000001     ,-0.25650000000000001     ,-0.25150000000000000     ,
 -0.24650000000000000     ,-0.24149999999999999     ,-0.23649999999999999     ,-0.23150000000000001     ,-0.22650000000000001     ,-0.22150000000000000     ,
 -0.21650000000000000     ,-0.21149999999999999     ,-0.20649999999999999     ,-0.20150000000000001     ,-0.19650000000000001     ,-0.19150000000000000     ,
 -0.18650000000000000     ,-0.18149999999999999     ,-0.17649999999999999     ,-0.17150000000000001     ,-0.16650000000000001     ,-0.16150000000000000     ,
 -0.15650000000000000     ,-0.15150000000000000     ,-0.14649999999999999     ,-0.14149999999999999     ,-0.13650000000000001     ,-0.13150000000000001     ,
 -0.12650000000000000     ,-0.12150000000000000     ,-0.11650000000000001     ,-0.11150000000000000     ,-0.10650000000000000     ,-0.10150000000000001     ,
  -9.6500000000000002E-002, -9.1499999999999998E-002, -8.6499999999999994E-002, -8.1500000000000003E-002, -7.6499999999999999E-002, -7.1499999999999994E-002,
  -6.6500000000000004E-002, -6.1499999999999999E-002, -5.6500000000000002E-002, -5.1499999999999997E-002, -4.6500000000000000E-002, -4.1500000000000002E-002,
  -3.6499999999999998E-002, -3.1500000000000000E-002, -2.6499999999999996E-002, -2.1499999999999998E-002, -1.6500000000000001E-002, -1.1500000000000000E-002,
  -6.4999999999999997E-003, -1.5000000000000000E-003,  3.5000000000000001E-003,  8.5000000000000006E-003,  1.3500000000000000E-002,  1.8499999999999999E-002,
   2.3500000000000000E-002,  2.8500000000000001E-002,  3.3500000000000002E-002,  3.8500000000000000E-002,  4.3499999999999997E-002,  4.8500000000000001E-002,
   5.3499999999999999E-002,  5.8500000000000003E-002,  6.3500000000000001E-002,  6.8500000000000005E-002,  7.3499999999999996E-002,  7.8500000000000000E-002,
   8.3500000000000005E-002,  8.8499999999999995E-002,  9.3500000000000000E-002,  9.8500000000000004E-002, 0.10349999999999999     , 0.10850000000000000     ,
  0.11350000000000000     , 0.11849999999999999     , 0.12350000000000000     , 0.12850000000000000     , 0.13350000000000001     , 0.13850000000000001     ,
  0.14349999999999999     , 0.14849999999999999     , 0.15350000000000000     , 0.15850000000000000     , 0.16350000000000001     , 0.16850000000000001     ,
  0.17349999999999999     , 0.17849999999999999     , 0.18350000000000000     , 0.18850000000000000     , 0.19350000000000001     , 0.19850000000000001     ,
  0.20349999999999999     , 0.20849999999999999     , 0.21350000000000000     , 0.21850000000000000     , 0.22350000000000000     , 0.22850000000000001     ,
  0.23350000000000001     , 0.23849999999999999     , 0.24349999999999999     , 0.24850000000000000     , 0.25350000000000000     , 0.25850000000000001     ,
  0.26350000000000001     , 0.26850000000000002     , 0.27350000000000002     , 0.27850000000000003     , 0.28349999999999997     , 0.28849999999999998     ,
  0.29349999999999998     , 0.29849999999999999     , 0.30349999999999999     , 0.30850000000000000     , 0.31350000000000000     , 0.31850000000000001     ,
  0.32350000000000001     , 0.32850000000000001     , 0.33350000000000002     , 0.33850000000000002     , 0.34350000000000003     , 0.34849999999999998     ,
  0.35349999999999993     , 0.35849999999999999     , 0.36350000000000005     , 0.36849999999999999     , 0.37349999999999994     , 0.37850000000000000     ,
  0.38350000000000006     , 0.38850000000000001     , 0.39349999999999996     , 0.39850000000000002     , 0.40350000000000008     , 0.40849999999999997     ,
  0.41349999999999998     , 0.41849999999999998     , 0.42349999999999999     , 0.42849999999999999     , 0.43350000000000000     , 0.43850000000000000     ,
  0.44350000000000001     , 0.44850000000000001     , 0.45350000000000001     , 0.45850000000000002     , 0.46350000000000002     , 0.46850000000000003     ,
  0.47349999999999998     , 0.47849999999999993     , 0.48349999999999999     , 0.48850000000000005     , 0.49349999999999999     , 0.49849999999999994     ,
  0.50349999999999995     , 0.50849999999999995     , 0.51349999999999996     , 0.51849999999999996     , 0.52349999999999997     , 0.52849999999999997     ,
  0.53349999999999997     , 0.53849999999999998     , 0.54349999999999998     , 0.54849999999999999     , 0.55349999999999999     , 0.55850000000000000     ,
  0.56350000000000000     , 0.56850000000000001     , 0.57250000000000001     , 0.58255000000000001     , 0.59965000000000002     , 0.61675000000000002     ,
  0.63385000000000002     , 0.65095000000000003     , 0.66805000000000003     , 0.68514999999999993     , 0.70225000000000004     , 0.71935000000000004     ,
  0.73645000000000005     ,-0.58255000000000001     ,-0.59965000000000002     ,-0.61675000000000002     ,-0.63385000000000002     ,-0.65095000000000003     ,
 -0.66805000000000003     ,-0.68515000000000004     ,-0.70225000000000004     ,-0.71934999999999993     ,-0.73645000000000005     , 15*0.60750000000000004      ,
  0.62500000000000000     , 0.64500000000000002     , 0.66500000000000004     , 0.68500000000000005     , 0.70499999999999996     , 0.72499999999999998     ,
  0.74500000000000000     , 0.76500000000000001     , 0.78500000000000003     , 0.80500000000000005     , 0.82499999999999996     , 0.84499999999999997     ,
  0.86499999999999999     , 0.88500000000000001     , 0.90500000000000003     , 0.92500000000000004     , 0.94499999999999995     , 0.96499999999999997     ,
  0.98499999999999999     ,  1.0049999999999999     ,  1.0249999999999999     ,  1.0449999999999999     ,  1.0649999999999999     ,  1.0850000000000000     ,
   1.1050000000000000     ,  1.1250000000000000     ,  1.1450000000000000     ,  1.1650000000000000     ,  1.1810000000000000     , 4*1.1924999999999999       ,
  4*1.1935000000000000       , 22*1.2075000000000000       , 15*-0.60750000000000004     , -1.1770000000000000     , -1.1570000000000000     , -1.1370000000000000     ,
  -1.1170000000000000     , -1.0970000000000000     , -1.0770000000000000     , -1.0569999999999999     , -1.0369999999999999     , -1.0169999999999999     ,
 -0.99700000000000000     ,-0.97699999999999998     ,-0.95699999999999996     ,-0.93700000000000006     ,-0.91700000000000004     ,-0.89700000000000002     ,
 -0.87700000000000000     ,-0.85699999999999998     ,-0.83699999999999997     ,-0.81699999999999995     ,-0.79700000000000004     ,-0.77700000000000002     ,
 -0.75700000000000001     ,-0.73699999999999999     ,-0.71699999999999997     ,-0.69699999999999995     ,-0.67700000000000005     ,-0.65700000000000003     ,
 -0.63700000000000001     ,-0.62100000000000000     , 4*-1.1924999999999999      , 4*-1.1935000000000000      , 22*-1.2075000000000000      , 0.57250000000000001     ,
  0.56750000000000000     , 0.56250000000000000     , 0.55750000000000000     , 0.55249999999999999     , 0.54749999999999999     , 0.54249999999999998     ,
  0.53749999999999998     , 0.53249999999999997     , 0.52749999999999997     , 0.52249999999999996     , 0.51749999999999996     , 0.51249999999999996     ,
  0.50749999999999995     , 0.50249999999999995     , 0.49750000000000000     , 0.49250000000000005     , 0.48749999999999999     , 0.48249999999999993     ,
  0.47749999999999998     , 0.47250000000000003     , 0.46750000000000003     , 0.46250000000000002     , 0.45750000000000002     , 0.45250000000000001     ,
  0.44750000000000001     , 0.44250000000000000     , 0.43750000000000000     , 0.43250000000000000     , 0.42749999999999999     , 0.42249999999999999     ,
  0.41749999999999998     , 0.41249999999999998     , 0.40749999999999997     , 0.40250000000000002     , 0.39749999999999996     , 0.39250000000000002     ,
  0.38750000000000007     , 0.38250000000000001     , 0.37749999999999995     , 0.37250000000000000     , 0.36750000000000005     , 0.36249999999999999     ,
  0.35749999999999993     , 0.35249999999999998     , 0.34750000000000003     , 0.34250000000000003     , 0.33750000000000002     , 0.33250000000000002     ,
  0.32750000000000001     , 0.32250000000000001     , 0.31750000000000000     , 0.31250000000000000     , 0.30750000000000000     , 0.30249999999999999     ,
  0.29749999999999999     , 0.29249999999999998     , 0.28749999999999998     , 0.28249999999999997     , 0.27750000000000002     , 0.27250000000000002     ,
  0.26750000000000002     , 0.26250000000000001     , 0.25750000000000001     , 0.25250000000000000     , 0.24750000000000000     , 0.24249999999999999     ,
  0.23749999999999999     , 0.23250000000000001     , 0.22750000000000001     , 0.22250000000000000     , 0.21750000000000000     , 0.21249999999999999     ,
  0.20749999999999999     , 0.20250000000000001     , 0.19750000000000001     , 0.19250000000000000     , 0.18750000000000000     , 0.18250000000000000     ,
  0.17749999999999999     , 0.17249999999999999     , 0.16750000000000001     , 0.16250000000000001     , 0.15750000000000000     , 0.15250000000000000     ,
  0.14749999999999999     , 0.14249999999999999     , 0.13750000000000001     , 0.13250000000000001     , 0.12750000000000000     , 0.12250000000000000     ,
  0.11749999999999999     , 0.11250000000000000     , 0.10750000000000000     , 0.10249999999999999     ,  9.7500000000000003E-002,  9.2499999999999999E-002,
   8.7499999999999994E-002,  8.2500000000000004E-002,  7.7499999999999999E-002,  7.2499999999999995E-002,  6.7500000000000004E-002,  6.2500000000000000E-002,
   5.7500000000000002E-002,  5.2499999999999998E-002,  4.7500000000000001E-002,  4.2500000000000003E-002,  3.7499999999999999E-002,  3.2500000000000001E-002,
   2.7500000000000000E-002,  2.2499999999999999E-002,  1.7500000000000002E-002,  1.2500000000000001E-002,  7.4999999999999997E-003,  2.5000000000000001E-003,
  -2.5000000000000001E-003, -7.4999999999999997E-003, -1.2500000000000001E-002, -1.7500000000000002E-002, -2.2499999999999999E-002, -2.7499999999999997E-002,
  -3.2500000000000001E-002, -3.7499999999999999E-002, -4.2500000000000003E-002, -4.7500000000000001E-002, -5.2499999999999998E-002, -5.7500000000000002E-002,
  -6.2500000000000000E-002, -6.7500000000000004E-002, -7.2499999999999995E-002, -7.7499999999999999E-002, -8.2500000000000004E-002, -8.7499999999999994E-002,
  -9.2499999999999999E-002, -9.7500000000000003E-002,-0.10249999999999999     ,-0.10750000000000000     ,-0.11250000000000000     ,-0.11749999999999999     ,
 -0.12250000000000000     ,-0.12750000000000000     ,-0.13250000000000001     ,-0.13750000000000001     ,-0.14249999999999999     ,-0.14749999999999999     ,
 -0.15250000000000000     ,-0.15750000000000000     ,-0.16250000000000001     ,-0.16750000000000001     ,-0.17249999999999999     ,-0.17749999999999999     ,
 -0.18250000000000000     ,-0.18750000000000000     ,-0.19250000000000000     ,-0.19750000000000001     ,-0.20250000000000001     ,-0.20749999999999999     ,
 -0.21249999999999999     ,-0.21750000000000000     ,-0.22250000000000000     ,-0.22750000000000001     ,-0.23250000000000001     ,-0.23749999999999999     ,
 -0.24249999999999999     ,-0.24750000000000000     ,-0.25250000000000000     ,-0.25750000000000001     ,-0.26250000000000001     ,-0.26750000000000002     ,
 -0.27250000000000002     ,-0.27750000000000002     ,-0.28249999999999997     ,-0.28749999999999998     ,-0.29249999999999998     ,-0.29749999999999999     ,
 -0.30249999999999999     ,-0.30750000000000000     ,-0.31250000000000000     ,-0.31750000000000000     ,-0.32250000000000001     ,-0.32750000000000001     ,
 -0.33250000000000002     ,-0.33750000000000002     ,-0.34250000000000003     ,-0.34749999999999998     ,-0.35250000000000004     ,-0.35749999999999998     ,
 -0.36249999999999993     ,-0.36749999999999999     ,-0.37250000000000005     ,-0.37750000000000000     ,-0.38249999999999995     ,-0.38750000000000001     ,
 -0.39250000000000007     ,-0.39750000000000002     ,-0.40249999999999997     ,-0.40749999999999997     ,-0.41249999999999998     ,-0.41749999999999998     ,
 -0.42249999999999999     ,-0.42749999999999999     ,-0.43250000000000000     ,-0.43750000000000000     ,-0.44250000000000000     ,-0.44750000000000001     ,
 -0.45250000000000001     ,-0.45750000000000002     ,-0.46250000000000002     ,-0.46750000000000003     ,-0.47249999999999998     ,-0.47750000000000004     ,
 -0.48249999999999998     ,-0.48749999999999993     ,-0.49249999999999999     ,-0.49750000000000005     ,-0.50249999999999995     ,-0.50749999999999995     ,
 -0.51249999999999996     ,-0.51749999999999996     ,-0.52249999999999996     ,-0.52749999999999997     ,-0.53249999999999997     ,-0.53749999999999998     ,
 -0.54249999999999998     ,-0.54749999999999999     ,-0.55249999999999999     ,-0.55750000000000000     ,-0.56250000000000000     ,-0.56750000000000000     ,
 -0.57250000000000001     ,
 WE=
 HE=
 FCTURN= 8*79.000000000000000       , 4*12.000000000000000       , 4*24.000000000000000       ,
 /
