   4.9458608972159944E-008   9.4585897618388904E-008   1.1364499062999280E-007   7.3794080964664388E-008   2.3501807977212755E-008   1.1963329560902592E-008   6.6799600501607416E-009   4.0425165836508612E-009   9.1028253357230623E-007   7.8252403883046761E-008   1.8753412544377708E-006   1.1528443867618666E-007   3.1210915042906417E-006   5.6990203470147670E-007   2.9717220647898297E-006   6.0742367089793761E-007
   7.1356272546126982E-008   8.7371831057342349E-008   7.3089233380332204E-008   4.6158558460758866E-008   4.4532170368930308E-008   2.5446651173206473E-008   1.4762258457771114E-008   8.9891373774383901E-009   7.8831372565913929E-007   1.7347793438876519E-007   1.4177361135773049E-006   2.5828837621165485E-007   7.5595755267774695E-006   1.2991616143940515E-006   7.8869763710243293E-006   1.3887191865206318E-006
   4.4532170368930308E-008   2.5446651173206284E-008   1.4762258457770730E-008   8.9891373774387442E-009   7.1356272546127035E-008   8.7371831057342296E-008   7.3089233380332350E-008   4.6158558460759018E-008   1.7347793438876481E-007   7.8831372565914088E-007   2.5828837621165458E-007   1.4177361135773068E-006   1.2991616143940508E-006   7.5595755267774771E-006   1.3887191865206308E-006   7.8869763710243361E-006
   2.3501807977212834E-008   1.1963329560902548E-008   6.6799600501608467E-009   4.0425165836508877E-009   4.9458608972160016E-008   9.4585897618388799E-008   1.1364499062999272E-007   7.3794080964664216E-008   7.8252403883046589E-008   9.1028253357230655E-007   1.1528443867618650E-007   1.8753412544377737E-006   5.6990203470147723E-007   3.1210915042906417E-006   6.0742367089793750E-007   2.9717220647898288E-006
   1.5554547867021662E-009   6.8229767582512403E-010   3.5783452502804394E-010   2.1049202013896566E-010   4.8670990643506051E-009   3.0622169805937674E-008   3.3220746125022829E-007   8.4815992598615119E-008   3.9998890449341172E-009   7.3595427861060348E-008   5.9240916000643679E-009   1.0104583636058746E-007   2.8987385638013142E-008   1.3581454061601615E-007   3.0882106049000405E-008   1.3041383306433114E-007
   3.2626618237365576E-007   9.7943370189922652E-009   1.7166485131947329E-009   5.8067120284426198E-010   1.2192558102211843E-007   5.5121559826523981E-009   1.2337784360861217E-009   4.6023414108230602E-010   6.8469880673106076E-009   5.8882055504100000E-009   1.1890859632744972E-008   1.0078976244370002E-008   4.6956967728250964E-008   4.2031869012440714E-008   4.9554249280256095E-008   4.4573114981958322E-008
   4.8670990643506415E-009   3.0622169805937773E-008   3.3220746125022850E-007   8.4815992598615238E-008   1.5554547867021029E-009   6.8229767582505465E-010   3.5783452502799586E-010   2.1049202013896592E-010   7.3595427861060202E-008   3.9998890449341007E-009   1.0104583636058745E-007   5.9240916000643315E-009   1.3581454061601609E-007   2.8987385638013182E-008   1.3041383306433135E-007   3.0882106049000266E-008
   7.5866161993004124E-009   7.9637642022672319E-008   3.4199949754749192E-007   2.8272585220951302E-008   2.0003135760173383E-009   7.9824710603635271E-010   3.9580806237205931E-010   2.2434272004657481E-010   5.3426218646216088E-008   4.1289358271019023E-009   8.2505464155972315E-008   6.2261612424299275E-009   1.3091796655983170E-007   3.0430573758582871E-008   1.2735416036591687E-007   3.2473324524687875E-008
   8.3407636670250992E-009   1.7436732258551991E-007   2.6794915472352884E-007   1.1047886537230502E-008   1.7973036643209253E-009   6.5805223578461198E-010   3.1109564075098359E-010   1.7105993619418958E-010   3.0563349519886114E-008   3.0669364482393476E-009   4.9891974788724251E-008   4.6879483013332245E-009   9.0019073441404533E-008   2.2836179179146847E-008   8.8489285128838761E-008   2.4392648164012461E-008
   2.0003135760173292E-009   7.9824710603626337E-010   3.9580806237214957E-010   2.2434272004662470E-010   7.5866161993003843E-009   7.9637642022672187E-008   3.4199949754749244E-007   2.8272585220951282E-008   4.1289358271018774E-009   5.3426218646216141E-008   6.2261612424299275E-009   8.2505464155972381E-008   3.0430573758582897E-008   1.3091796655983157E-007   3.2473324524688061E-008   1.2735416036591674E-007
   1.7973036643209102E-009   6.5805223578454188E-010   3.1109564075096777E-010   1.7105993619422161E-010   8.3407636670250065E-009   1.7436732258551922E-007   2.6794915472353011E-007   1.1047886537230396E-008   3.0669364482392611E-009   3.0563349519886108E-008   4.6879483013332055E-009   4.9891974788724383E-008   2.2836179179146731E-008   9.0019073441404599E-008   2.4392648164012517E-008   8.8489285128838840E-008
   2.5077279538166738E-006  -1.6135495016618239E-005   1.1227327639734838E-005   1.1104150972056158E-006   4.4108700858770596E-007   1.4726338912094087E-007   6.6151801053430575E-008   3.5215657201973738E-008   4.5975878072542278E-006   6.1355303102117320E-007   7.8609087950646720E-006   9.5110160889539683E-007   1.6318216897145205E-005   4.6087710197704839E-006   1.6225494415986252E-005   4.9267485231383236E-006
   3.4579877340163506E-006  -1.4147826344356948E-005   8.4544415497273715E-006   8.8158923359885152E-007   5.2922014489458905E-007   1.6686641097956085E-007   7.2751020143509861E-008   3.8025362452014276E-008   4.2251602943225052E-006   6.5192829326571793E-007   7.3344085764356742E-006   1.0181253563139406E-006   1.6312866357310621E-005   4.9140936118364864E-006   1.6316495094168385E-005   5.2545763127024970E-006
   4.8970242498830065E-006  -1.2936572207100283E-005   5.8745193329268112E-006   7.1135162761431620E-007   6.4247203590726014E-007   1.9011561733835744E-007   8.0259333579781738E-008   4.1142415268123656E-008   3.8816555024380289E-006   6.9340835770761009E-007   6.8154687724081530E-006   1.0911342669909752E-006   1.6214991326691841E-005   5.2410330988268396E-006   1.6314866645384857E-005   5.6051783965555131E-006
   7.0612565693352564E-006  -1.3352081451755831E-005   4.1022380931439366E-006   5.8219375143406595E-007   7.9041211347929262E-007   2.1790069731981743E-007   8.8839038279175943E-008   4.4610059304739819E-008   3.5660027728500943E-006   7.3829464266603347E-007   6.3122773308142649E-006   1.1707493778673282E-006   1.6027393792369770E-005   5.5907038490447390E-006   1.6220656033313824E-005   5.9795765335826729E-006
   9.9592143111020059E-006  -1.5199470196736975E-005   2.9347159299832114E-006   4.8248076065151045E-007   9.8726975810690005E-007   2.5138507002515739E-007   9.8688514743768687E-008   4.8479056559026384E-008   3.2767767466698534E-006   7.8692164854037050E-007   5.8308162283995668E-006   1.2576603344986036E-006   1.5755335495387426E-005   5.9641320873340556E-006   1.6036561811894065E-005   6.3786537051663671E-006
   1.1258821833340094E-005  -1.5939551179230872E-005   2.1572182205294628E-006   4.0429738701429785E-007   1.2547230400538240E-006   2.9210921375727598E-007   1.1005195005260886E-007   5.2809258851539595E-008   3.0123395838639627E-006   8.3966080199557900E-007   5.3751262277218372E-006   1.3526322805233073E-006   1.5406195185259883E-005   6.3622074173964825E-006   1.5767752993299949E-005   6.8030943551558999E-006
  -2.2519834073402225E-006  -2.2519834073402013E-006   1.6266398012033587E-006   3.4214088522396149E-007   1.6266398012033600E-006   3.4214088522396213E-007   1.2323217419145303E-007   5.7671566424288997E-008   2.7709483730267244E-006   8.9692472135567712E-007   4.9476243105641961E-006   1.4565129991338217E-006   1.4989010829871042E-005   6.7856235187435762E-006   1.5421531824882141E-005   7.2533127033506078E-006
  -1.5939551179230899E-005   1.1258821833340094E-005   1.2547230400538234E-006   2.9210921375727572E-007   2.1572182205294632E-006   4.0429738701429838E-007   1.3860777681034713E-007   6.3150384368172250E-008   2.5508336921631809E-006   9.5917193066602295E-007   4.5494280949474788E-006   1.5702401112914460E-006   1.4513956532312294E-005   7.2348069533498448E-006   1.5006879685417661E-005   7.7293684685955197E-006
  -1.5199470196736994E-005   9.9592143111020076E-006   9.8726975810689878E-007   2.5138507002515702E-007   2.9347159299832135E-006   4.8248076065151045E-007   1.5665617769879017E-007   6.9346723922399987E-008   2.3502550535232856E-006   1.0269120431192155E-006   4.1806581064786989E-006   1.6948480332743687E-006   1.3991805685698820E-005   7.7098333979003395E-006   1.4533935609818815E-005   8.2308699925623467E-006
  -1.2936572207100302E-005   5.8745193329268180E-006   7.1135162761431557E-007   2.0337590305906138E-007   4.8970242498830107E-006   6.4247203590726089E-007   1.9011561733835757E-007   8.0259333579781580E-008   2.0823792556783048E-006   1.1400773453714034E-006   3.6811931701020810E-006   1.9046791495065702E-006   1.3143963546420739E-005   8.4698671650724707E-006   1.3738802131612891E-005   9.0285696791329436E-006
  -1.3352081451755820E-005   4.1022380931439459E-006   5.8219375143406564E-007   1.7798508205180294E-007   7.0612565693352564E-006   7.9041211347929326E-007   2.1790069731981751E-007   8.8839038279175625E-008   1.9235175277507232E-006   1.2241669035620182E-006   3.3822403296145813E-006   2.0617028522820165E-006   1.2550770785529119E-005   9.0066287079283510E-006   1.3167326702371871E-005   9.5880068967722077E-006
  -1.5199470196736958E-005   2.9347159299832161E-006   4.8248076065151034E-007   1.5665617769879009E-007   9.9592143111020076E-006   9.8726975810690111E-007   2.5138507002515766E-007   9.8688514743768370E-008   1.7787543676433905E-006   1.3160212251901820E-006   3.1087079331632053E-006   2.2340666204532621E-006   1.1946283795261106E-005   9.5652446778436623E-006   1.2574774674194198E-005   1.0166326801541731E-005
  -1.5939551179230865E-005   2.1572182205294666E-006   4.0429738701429790E-007   1.3860777681034710E-007   1.1258821833340086E-005   1.2547230400538264E-006   2.9210921375727672E-007   1.1005195005260868E-007   1.6467750773733986E-006   1.4164562578373020E-006   2.8588818451939481E-006   2.4232907035884041E-006   1.1338859201597181E-005   1.0142876402949060E-005   1.1970571664467492E-005   1.0759675177059203E-005
  -2.2519834073402441E-006   1.6266398012033604E-006   3.4214088522396118E-007   1.2323217419145282E-007  -2.2519834073402386E-006   1.6266398012033617E-006   3.4214088522396239E-007   1.2323217419145290E-007   1.5263750971465703E-006   1.5263750971465719E-006   2.6309949652058148E-006   2.6309949652058203E-006   1.0735710901382922E-005   1.0735710901382928E-005   1.1363118259042840E-005   1.1363118259042849E-005
   1.1258821833340088E-005   1.2547230400538251E-006   2.9210921375727550E-007   1.1005195005260868E-007  -1.5939551179230882E-005   2.1572182205294675E-006   4.0429738701429912E-007   1.3860777681034689E-007   1.4164562578372994E-006   1.6467750773733994E-006   2.4232907035884033E-006   2.8588818451939485E-006   1.0142876402949057E-005   1.1338859201597181E-005   1.0759675177059196E-005   1.1970571664467502E-005
   9.9592143111020143E-006   9.8726975810689942E-007   2.5138507002515665E-007   9.8688514743768542E-008  -1.5199470196736992E-005   2.9347159299832190E-006   4.8248076065151098E-007   1.5665617769878980E-007   1.3160212251901816E-006   1.7787543676433920E-006   2.2340666204532613E-006   3.1087079331632104E-006   9.5652446778436589E-006   1.1946283795261095E-005   1.0166326801541727E-005   1.2574774674194200E-005
   7.0612565693352497E-006   7.9041211347929305E-007   2.1790069731981677E-007   8.8839038279175784E-008  -1.3352081451755805E-005   4.1022380931439493E-006   5.8219375143406733E-007   1.7798508205180281E-007   1.2241669035620186E-006   1.9235175277507262E-006   2.0617028522820144E-006   3.3822403296145864E-006   9.0066287079283476E-006   1.2550770785529119E-005   9.5880068967721992E-006   1.3167326702371881E-005
   4.8970242498830124E-006   6.4247203590725962E-007   1.9011561733835726E-007   8.0259333579781593E-008  -1.2936572207100293E-005   5.8745193329268333E-006   7.1135162761431779E-007   2.0337590305906115E-007   1.1400773453714034E-006   2.0823792556783052E-006   1.9046791495065679E-006   3.6811931701020887E-006   8.4698671650724690E-006   1.3143963546420729E-005   9.0285696791329300E-006   1.3738802131612901E-005
   2.9347159299832178E-006   4.8248076065151045E-007   1.5665617769878998E-007   6.9346723922400093E-008  -1.5199470196736974E-005   9.9592143111020262E-006   9.8726975810690217E-007   2.5138507002515665E-007   1.0269120431192148E-006   2.3502550535232856E-006   1.6948480332743666E-006   4.1806581064786997E-006   7.7098333979003361E-006   1.3991805685698823E-005   8.2308699925623433E-006   1.4533935609818815E-005
   2.1572182205294675E-006   4.0429738701429801E-007   1.3860777681034697E-007   6.3150384368172264E-008  -1.5939551179230865E-005   1.1258821833340069E-005   1.2547230400538274E-006   2.9210921375727540E-007   9.5917193066602105E-007   2.5508336921631818E-006   1.5702401112914460E-006   4.5494280949474797E-006   7.2348069533498414E-006   1.4513956532312306E-005   7.7293684685955129E-006   1.5006879685417681E-005
   1.6266398012033608E-006   3.4214088522396128E-007   1.2323217419145282E-007   5.7671566424289096E-008  -2.2519834073402314E-006  -2.2519834073403461E-006   1.6266398012033651E-006   3.4214088522396123E-007   8.9692472135567574E-007   2.7709483730267299E-006   1.4565129991338200E-006   4.9476243105641986E-006   6.7856235187435779E-006   1.4989010829871058E-005   7.2533127033506036E-006   1.5421531824882134E-005
   1.2547230400538242E-006   2.9210921375727572E-007   1.1005195005260860E-007   5.2809258851539556E-008   1.1258821833340094E-005  -1.5939551179230916E-005   2.1572182205294751E-006   4.0429738701429705E-007   8.3966080199557773E-007   3.0123395838639669E-006   1.3526322805233065E-006   5.3751262277218406E-006   6.3622074173964851E-006   1.5406195185259869E-005   6.8030943551559084E-006   1.5767752993299956E-005
   9.8726975810689963E-007   2.5138507002515681E-007   9.8688514743768410E-008   4.8479056559026457E-008   9.9592143111020126E-006  -1.5199470196736990E-005   2.9347159299832275E-006   4.8248076065150896E-007   7.8692164854036975E-007   3.2767767466698538E-006   1.2576603344986029E-006   5.8308162283995710E-006   5.9641320873340497E-006   1.5755335495387426E-005   6.3786537051663553E-006   1.6036561811894051E-005
   7.9041211347929337E-007   2.1790069731981698E-007   8.8839038279175691E-008   4.4610059304739825E-008   7.0612565693352497E-006  -1.3352081451755809E-005   4.1022380931439603E-006   5.8219375143406426E-007   7.3829464266603294E-007   3.5660027728500955E-006   1.1707493778673269E-006   6.3122773308142801E-006   5.5907038490447339E-006   1.6027393792369773E-005   5.9795765335826712E-006   1.6220656033313838E-005
   6.4247203590725993E-007   1.9011561733835720E-007   8.0259333579781580E-008   4.1142415268123722E-008   4.8970242498830082E-006  -1.2936572207100298E-005   5.8745193329268519E-006   7.1135162761431493E-007   6.9340835770760892E-007   3.8816555024380314E-006   1.0911342669909752E-006   6.8154687724081505E-006   5.2410330988268379E-006   1.6214991326691824E-005   5.6051783965555089E-006   1.6314866645384857E-005
   5.2922014489458894E-007   1.6686641097956058E-007   7.2751020143509742E-008   3.8025362452014382E-008   3.4579877340163540E-006  -1.4147826344356950E-005   8.4544415497274105E-006   8.8158923359884982E-007   6.5192829326571730E-007   4.2251602943225044E-006   1.0181253563139391E-006   7.3344085764356733E-006   4.9140936118364822E-006   1.6312866357310631E-005   5.2545763127024987E-006   1.6316495094168385E-005
   4.4108700858770586E-007   1.4726338912094089E-007   6.6151801053430350E-008   3.5215657201973798E-008   2.5077279538166734E-006  -1.6135495016618256E-005   1.1227327639734861E-005   1.1104150972056126E-006   6.1355303102117225E-007   4.5975878072542312E-006   9.5110160889539577E-007   7.8609087950646771E-006   4.6087710197704822E-006   1.6318216897145218E-005   4.9267485231383193E-006   1.6225494415986238E-005
  -8.1213978029836115E-008  -1.3219832647105778E-007  -6.2412556770043087E-008   8.2474302191471161E-009  -1.1870438995612658E-009   2.6214313346961222E-008   2.5927101530478104E-008   1.9906521447139085E-008   1.1974560883087333E-006   4.4851359666793546E-007   1.4198085957837853E-006   6.2041399168898238E-007   3.2202296528401728E-005   3.2103049580948850E-006   4.0318392543612527E-005   3.4113323935501173E-006
  -9.3379250320002522E-008  -1.2878812622684697E-007  -5.0116801771893135E-008   1.3248632732673213E-008  -8.8519877190662466E-009   2.4901824384038111E-008   2.6559798368184026E-008   2.0728480734977370E-008   1.1487295984857873E-006   4.6982653106129293E-007   1.4189812566296869E-006   6.5091440076600612E-007   2.5490372100172887E-005   3.4032832391145383E-006   3.2503025204097927E-005   3.6215422462387097E-006
  -1.0469781397192716E-007  -1.2284337912990283E-007  -3.8405153605508329E-008   1.7316895317152351E-008  -1.7642001976974244E-008   2.3044344963409777E-008   2.7085568146684887E-008   2.1561458652808472E-008   1.1001493811321000E-006   4.9229742012142545E-007   1.3999875083088180E-006   6.8298503573129616E-007   2.0441553908499959E-005   3.6127877371397730E-006   2.5726345720908198E-005   3.8506476584733245E-006
  -1.1467640849258354E-007  -1.1467640849258353E-007  -2.7524518512964081E-008   2.0548798625268008E-008  -2.7524518512964462E-008   2.0548798625268041E-008   2.7470830924411482E-008   2.2398689671723261E-008   1.0522527512892288E-006   5.1598602915423596E-007   1.3689850232606705E-006   7.1667676556649241E-007   1.6770120567348535E-005   3.8410875864928682E-006   2.0614324491717435E-005   4.1014344752038563E-006
  -1.2284337912990294E-007  -1.0469781397192707E-007  -1.7642001976974072E-008   2.3044344963410078E-008  -3.8405153605508502E-008   1.7316895317152490E-008   2.7675557206019083E-008   2.3231505619793595E-008   1.0054191469760796E-006   5.4095330294732292E-007   1.3301478186560213E-006   7.5203309280761260E-007   1.4083735349817070E-005   4.0909461089748935E-006   1.6895666211548778E-005   4.3773364130329727E-006
  -1.2878812622684718E-007  -9.3379250320002151E-008  -8.8519877190658760E-009   2.4901824384038280E-008  -5.0116801771893082E-008   1.3248632732673332E-008   2.7652473358808398E-008   2.4048944922678698E-008   9.5991213827919572E-007   5.6726086399646922E-007   1.2863560619195850E-006   7.8908714736388690E-007   1.2076173084652426E-005   4.3657676339890622E-006   1.4176461424442069E-005   4.6826381798890106E-006
  -1.3219832647105770E-007  -8.1213978029836300E-008  -1.1870438995608923E-009   2.6214313346961096E-008  -6.2412556770043087E-008   8.2474302191468745E-009   2.7346325984400416E-008   2.4837297765514005E-008   9.1590951576916668E-007   5.9497034939967518E-007   1.2396252699464175E-006   8.2785779874734464E-007   1.0537258817497935E-005   4.6697980456355425E-006   1.2146344893169005E-005   5.0227568303684474E-006
  -1.3082483762135648E-007  -5.6210293390441051E-008   1.0870373422892694E-008   2.7538565285174890E-008  -8.7371822839120335E-008  -4.8789189943141590E-009   2.5620646130441507E-008   2.6254947089197521E-008   8.3282505783612892E-007   6.5483625840570124E-007   1.1426362481478550E-006   9.1052121324306742E-007   8.3533969530179848E-006   5.3884549769613471E-006   9.3706787680286373E-006   5.8373162170770527E-006
  -1.2611575218733459E-007  -4.4170615494306980E-008   1.5393497964396804E-008   2.7695749974863058E-008  -9.9175250947224378E-008  -1.3107092124114269E-008   2.4046872393111074E-008   2.6838006152096419E-008   7.9383940227838746E-007   6.8710687457314601E-007   1.0941158196232502E-006   9.5432666495976908E-007   7.5527644294703307E-006   5.8188953495101072E-006   8.3886839153869086E-006   6.3327422364583793E-006
  -1.1901390006718836E-007  -3.2848703796048201E-008   1.9031153099432039E-008   2.7598536860495857E-008  -1.0988505267779948E-007  -2.2451006559629525E-008   2.1882384865974781E-008   2.7298104160737899E-008   7.5657146303448156E-007   7.2100448071817775E-007   1.0463340398414226E-006   9.9965385484084922E-007   6.8822494761311074E-006   6.3115353253844612E-006   7.5820530553671078E-006   6.9069845917517881E-006
  -1.0988505267779973E-007  -2.2451006559629367E-008   2.1882384865974891E-008   2.7298104160738038E-008  -1.1901390006718859E-007  -3.2848703796048419E-008   1.9031153099432065E-008   2.7598536860495718E-008   7.2100448071817818E-007   7.5657146303448103E-007   9.9965385484084880E-007   1.0463340398414217E-006   6.3115353253844570E-006   6.8822494761311100E-006   6.9069845917517907E-006   7.5820530553671128E-006
  -9.9175250947224524E-008  -1.3107092124114484E-008   2.4046872393111007E-008   2.6838006152096446E-008  -1.2611575218733464E-007  -4.4170615494306874E-008   1.5393497964396417E-008   2.7695749974863042E-008   6.8710687457314570E-007   7.9383940227838778E-007   9.5432666495976972E-007   1.0941158196232510E-006   5.8188953495101115E-006   7.5527644294703341E-006   6.3327422364583743E-006   8.3886839153869137E-006
  -8.7371822839120309E-008  -4.8789189943141292E-009   2.5620646130441546E-008   2.6254947089197697E-008  -1.3082483762135640E-007  -5.6210293390441494E-008   1.0870373422892077E-008   2.7538565285174946E-008   6.5483625840570156E-007   8.3282505783612935E-007   9.1052121324306816E-007   1.1426362481478567E-006   5.3884549769613446E-006   8.3533969530179967E-006   5.8373162170770578E-006   9.3706787680286407E-006
  -7.4964706141500721E-008   2.2271437115101667E-009   2.6693290799208150E-008   2.5579582035684013E-008  -1.3288982353970392E-007  -6.8680089264547112E-008   5.3694158793033622E-009   2.7067504570371531E-008   6.2414254436282566E-007   8.7352514697573053E-007   8.6834460532798856E-007   1.1913805739503691E-006   5.0084024196498189E-006   9.3273153309376519E-006   5.4046371790702633E-006   1.0591748657108938E-005
  -6.2412556770043299E-008   8.2474302191470185E-009   2.7346325984400704E-008   2.4837297765514097E-008  -1.3219832647105768E-007  -8.1213978029835983E-008  -1.1870438995614223E-009   2.6214313346961520E-008   5.9497034939967560E-007   9.1590951576916636E-007   8.2785779874734560E-007   1.2396252699464175E-006   4.6697980456355315E-006   1.0537258817497945E-005   5.0227568303684440E-006   1.2146344893169032E-005
  -5.0116801771893036E-008   1.3248632732673219E-008   2.7652473358808537E-008   2.4048944922678566E-008  -1.2878812622684705E-007  -9.3379250320002416E-008  -8.8519877190665692E-009   2.4901824384038227E-008   5.6726086399646943E-007   9.5991213827919593E-007   7.8908714736388626E-007   1.2863560619195850E-006   4.3657676339890613E-006   1.2076173084652446E-005   4.6826381798890174E-006   1.4176461424442093E-005
  -3.8405153605508482E-008   1.7316895317152533E-008   2.7675557206018824E-008   2.3231505619793635E-008  -1.2284337912990289E-007  -1.0469781397192682E-007  -1.7642001976974561E-008   2.3044344963409691E-008   5.4095330294732292E-007   1.0054191469760805E-006   7.5203309280761281E-007   1.3301478186560213E-006   4.0909461089748918E-006   1.4083735349817070E-005   4.3773364130329659E-006   1.6895666211548812E-005
  -2.7524518512964290E-008   2.0548798625267975E-008   2.7470830924411515E-008   2.2398689671723254E-008  -1.1467640849258351E-007  -1.1467640849258364E-007  -2.7524518512964362E-008   2.0548798625268210E-008   5.1598602915423649E-007   1.0522527512892273E-006   7.1667676556649325E-007   1.3689850232606694E-006   3.8410875864928673E-006   1.6770120567348572E-005   4.1014344752038521E-006   2.0614324491717489E-005
  -1.7642001976974068E-008   2.3044344963410137E-008   2.7085568146684795E-008   2.1561458652808607E-008  -1.0469781397192707E-007  -1.2284337912990315E-007  -3.8405153605508475E-008   1.7316895317152599E-008   4.9229742012142524E-007   1.1001493811320992E-006   6.8298503573129595E-007   1.3999875083088182E-006   3.6127877371397759E-006   2.0441553908499989E-005   3.8506476584733245E-006   2.5726345720908265E-005
  -8.8519877190661788E-009   2.4901824384038101E-008   2.6559798368184042E-008   2.0728480734977387E-008  -9.3379250320002363E-008  -1.2878812622684718E-007  -5.0116801771893281E-008   1.3248632732672935E-008   4.6982653106129250E-007   1.1487295984857875E-006   6.5091440076600612E-007   1.4189812566296865E-006   3.4032832391145383E-006   2.5490372100172928E-005   3.6215422462387067E-006   3.2503025204098008E-005
  -1.1870438995610941E-009   2.6214313346961020E-008   2.5927101530478143E-008   1.9906521447139131E-008  -8.1213978029836261E-008  -1.3219832647105754E-007  -6.2412556770043233E-008   8.2474302191473377E-009   4.4851359666793525E-007   1.1974560883087331E-006   6.2041399168898216E-007   1.4198085957837847E-006   3.2103049580948863E-006   3.2202296528401783E-005   3.4113323935501173E-006   4.0318392543612567E-005
   4.2109663833475384E-007   1.9821834004526194E-006  -7.5605712095944174E-006   3.4210299634426280E-006   1.4522588145655809E-007   6.5898046384805619E-008   3.5222254335263950E-008   2.0970863747255843E-008   8.1097882838355250E-006   4.0245235825399631E-007   1.0868353173755076E-005   5.9270394827780858E-007   1.3938686071505733E-005   2.9008520750756933E-006   1.3332468463373566E-005   3.0887890965299710E-006
   3.5725571858310091E-007   1.5609621415581500E-006  -4.9607349695508186E-006   1.0514771514278150E-006   1.2907038071668779E-007   6.0141945828421578E-008   3.2693212033798171E-008   1.9693247721823715E-008   8.6516905680828680E-006   3.8171615690518444E-007   1.0932860894868034E-005   5.5874682858170705E-007   1.3356298925579560E-005   2.7327646424461185E-006   1.2727063561830368E-005   2.9078265394472700E-006
   3.0552827104126304E-007   1.2387525122332326E-006  -4.3993802587992905E-007  -3.4343926314166815E-006   1.1521434518470209E-007   5.5035709100942194E-008   3.0400296031020765E-008   1.8517252034716453E-008   9.1743465894348361E-006   3.6233931139423824E-007   1.0881084404209031E-005   5.2723703515848579E-007   1.2751571457481064E-005   2.5761448971229679E-006   1.2109753596780395E-005   2.7392622037539033E-006
   2.6321605011555119E-007   9.9346916966128685E-007   2.8747384948278132E-006  -6.9086712332719803E-006   1.0326483145849854E-007   5.0490370632106036E-008   2.8316617563080731E-008   1.7432979939544355E-008   9.6608260845093667E-006   3.4421558813386718E-007   1.0715936400650830E-005   4.9796689883140374E-007   1.2134559341268412E-005   2.4301574278278780E-006   1.1489403574619573E-005   2.5822001739592815E-006
   2.2829790619983887E-007   8.0581988485673635E-007   3.7627283714601203E-006  -8.1527668286368600E-006   9.2906346770307627E-008   4.6431150983410965E-008   2.6418874671393399E-008   1.6431668031851808E-008   1.0092677701083663E-005   3.2724823794088783E-007   1.0446470219403834E-005   4.7074858486022776E-007   1.1514176358087617E-005   2.2940234731852672E-006   1.0873616406032507E-005   2.4358027366932679E-006
   1.9924398248559956E-007   6.6094327712494897E-007   3.4435814981914451E-006  -8.3704256938836835E-006   8.3883720103167556E-008   4.2794893832431353E-008   2.4686807064346799E-008   1.5505537827731721E-008   1.0451219351872992E-005   3.1134905889691156E-007   1.0086695691679418E-005   4.4541203709896547E-007   1.0898076910735870E-005   2.1670188187009139E-006   1.0268707611009213E-005   2.2992889017072958E-006
   1.7488434094708097E-007   5.4787858626413220E-007   2.8238876683340511E-006  -8.3623285428567882E-006   7.5989138752981311E-008   3.9528017165576509E-008   2.3102743488120291E-008   1.4647669123566072E-008   1.0719213802920023E-005   2.9643755896344376E-007   9.6538852947245260E-006   4.2180314504416684E-007   1.0292627581309958E-005   2.0484712953350101E-006   9.6797478723499676E-006   2.1719323185580025E-006
   1.5431537374916339E-007   4.5865086804631435E-007   2.2356103959277479E-006  -8.0696300607611819E-006   6.9052253686568226E-008   3.6584865862981260E-008   2.1651224345837489E-008   1.3851891609932350E-008   1.0882713896079818E-005   2.8244020721893408E-007   9.1667292709244174E-006   3.9978210973668560E-007   9.7029473698937588E-006   1.9377580321720334E-006   9.1106531096804045E-006   2.0530587879223735E-006
   1.4522588145655798E-007   6.5898046384805540E-008   3.5222254335263850E-008   2.0970863747255850E-008   4.2109663833475363E-007   1.9821834004526161E-006  -7.5605712095943996E-006   3.4210299634426343E-006   4.0245235825399621E-007   8.1097882838355385E-006   5.9270394827780815E-007   1.0868353173755084E-005   2.9008520750756955E-006   1.3938686071505733E-005   3.0887890965299693E-006   1.3332468463373562E-005
   1.2907038071668790E-007   6.0141945828421618E-008   3.2693212033798165E-008   1.9693247721823699E-008   3.5725571858310091E-007   1.5609621415581470E-006  -4.9607349695507526E-006   1.0514771514278436E-006   3.8171615690518455E-007   8.6516905680828764E-006   5.5874682858170705E-007   1.0932860894868026E-005   2.7327646424461151E-006   1.3356298925579560E-005   2.9078265394472657E-006   1.2727063561830362E-005
   1.1521434518470207E-007   5.5035709100942214E-008   3.0400296031020731E-008   1.8517252034716466E-008   3.0552827104126325E-007   1.2387525122332307E-006  -4.3993802587984842E-007  -3.4343926314166442E-006   3.6233931139423771E-007   9.1743465894348497E-006   5.2723703515848547E-007   1.0881084404209036E-005   2.5761448971229654E-006   1.2751571457481059E-005   2.7392622037539033E-006   1.2109753596780384E-005
   1.0326483145849854E-007   5.0490370632105963E-008   2.8316617563080671E-008   1.7432979939544385E-008   2.6321605011555156E-007   9.9346916966128557E-007   2.8747384948278479E-006  -6.9086712332719609E-006   3.4421558813386681E-007   9.6608260845093769E-006   4.9796689883140289E-007   1.0715936400650826E-005   2.4301574278278759E-006   1.2134559341268414E-005   2.5822001739592785E-006   1.1489403574619566E-005
   9.2906346770307720E-008   4.6431150983410885E-008   2.6418874671393343E-008   1.6431668031851788E-008   2.2829790619983868E-007   8.0581988485673518E-007   3.7627283714601266E-006  -8.1527668286368515E-006   3.2724823794088783E-007   1.0092677701083668E-005   4.7074858486022745E-007   1.0446470219403829E-005   2.2940234731852655E-006   1.1514176358087607E-005   2.4358027366932679E-006   1.0873616406032498E-005
   8.3883720103167569E-008   4.2794893832431300E-008   2.4686807064346793E-008   1.5505537827731758E-008   1.9924398248559940E-007   6.6094327712494897E-007   3.4435814981914362E-006  -8.3704256938836716E-006   3.1134905889691150E-007   1.0451219351872988E-005   4.4541203709896573E-007   1.0086695691679411E-005   2.1670188187009147E-006   1.0898076910735857E-005   2.2992889017072941E-006   1.0268707611009220E-005
   7.5989138752981364E-008   3.9528017165576496E-008   2.3102743488120258E-008   1.4647669123566072E-008   1.7488434094708105E-007   5.4787858626413125E-007   2.8238876683340426E-006  -8.3623285428567695E-006   2.9643755896344334E-007   1.0719213802920030E-005   4.2180314504416653E-007   9.6538852947245226E-006   2.0484712953350080E-006   1.0292627581309951E-005   2.1719323185580021E-006   9.6797478723499659E-006
   6.9052253686568266E-008   3.6584865862981313E-008   2.1651224345837486E-008   1.3851891609932334E-008   1.5431537374916352E-007   4.5865086804631350E-007   2.2356103959277390E-006  -8.0696300607611853E-006   2.8244020721893403E-007   1.0882713896079816E-005   3.9978210973668544E-007   9.1667292709244123E-006   1.9377580321720295E-006   9.7029473698937503E-006   2.0530587879223723E-006   9.1106531096804062E-006
