 12-Sep-24 09/12/2024
 48224               1
  0.300000000E+03
* 300.000             0              21 IN    3   2 CLC    40   41
  0.686530774E+03 0.400000000E+02 0.150869643E+00 0.143167391E+06
  0.143167391E+06 0.390336026E+02 0.315938686E+01 0.286332860E+02
  0.173786725E+01 0.310036109E+00 0.278658729E+00 0.100437834E+07
  0.363379497E+02 0.274941007E+01 0.454665262E+01 0.317020325E+00
  0.147871955E-01 0.638590578E+00 0.203182836E-01 0.833332998E+01
  0.655798348E+02 0.718985368E+02 0.570648465E+01 0.327334114E-01
  0.100000000E+05 0.100000000E+05 0.100000000E+05
  0.000000000E+00 0.000000000E+00 0.000000000E+00
  0.572037101E+02 0.545248779E+02
  0.000000000E+00 0.000000000E+00
  0.501614207E+01 0.715853025E-01 0.136489743E+01 0.946126251E-01
  0.436932006E+00 0.772546345E+01-0.450000000E+02-0.450000000E+02
 -0.450000000E+02 0.182313894E-02 0.438729162E+04 0.454236765E+02
  0.945591980E-02 0.877736621E+01 0.687850987E+01 0.493192604E-02
  0.154329605E+01-0.552497359E+02 0.000000000E+00 0.000000000E+00
 -0.999000000E+03-0.999000000E+03-0.999000000E+03-0.999000000E+03
  0.658826031E+02-0.450000000E+02 0.170037908E+00 0.141216280E+00
  0.100000000E+03 0.254213921E+01 0.232223737E+02-0.450000000E+02
  0.427343483E+02 0.234376515E+01 0.716669083E-02 0.000000000E+00
  0.187668339E+01 0.402339160E+02 0.576484293E+04-0.734065382E-05
  0.000000000E+00 0.000000000E+00 0.597682399E+00 0.100000000E+02
    11   60   26    0
 -0.244188724E-02-0.957818785E-02-0.104767503E-01-0.294396607E-02
  0.108421038E-02 0.162266319E-02 0.112441930E-02 0.120834681E-02
  0.121048840E-02 0.115098964E-02 0.115466621E-02 0.461887519E-01
  0.605363745E-01 0.777546402E-01 0.979970577E-01 0.100323598E+00
  0.106912362E+00 0.112078554E+00 0.122731407E+00 0.132889592E+00
  0.145488184E+00 0.151886951E+00 0.156281501E+00 0.158062994E+00
  0.157337126E+00 0.154438560E+00 0.149154594E+00 0.141548318E+00
  0.131923626E+00 0.115151070E+00 0.102339085E+00 0.892754026E-01
  0.778817919E-01 0.698452935E-01 0.660779680E-01 0.578361100E-01
  0.451184731E-01 0.304535479E-01-0.853812143E-01-0.718207151E-01
 -0.591388504E-01-0.508443222E-01-0.455569071E-01-0.418210506E-01
 -0.394208294E-01-0.376585764E-01-0.376049469E-01-0.371500802E-01
 -0.350955189E-01-0.349752568E-01-0.364866212E-01-0.384990928E-01
 -0.398649844E-01-0.417833447E-01-0.454199359E-01-0.487431686E-01
 -0.549351948E-01-0.678080099E-01-0.861501891E-01-0.803556013E-02
 -0.745692623E-02-0.599173979E-02-0.359664766E-02-0.230151063E-03
  0.428224852E-02 0.105142765E-01 0.201243935E-01-0.116619391E-01
 -0.105658301E-01-0.866745031E-02-0.590751407E-02
  0.169438070E+04 0.169438070E+04 0.169438070E+04 0.169438070E+04
  0.169438070E+04 0.169438070E+04 0.169438070E+04 0.169438070E+04
  0.764278807E-10 0.113801800E-09-0.911174577E-11-0.229542363E-10
 -0.142619039E-10-0.276998090E-10 0.169069918E+04 0.169069918E+04
 -0.205822455E+04-0.205822455E+04-0.512729565E-10-0.811607073E-10
 -0.108246622E-09-0.164994452E-09-0.131346526E+04-0.131346526E+04
 -0.131346526E+04-0.131346526E+04

  0.000000000E+00 0.000000000E+00 0.000000000E+00 0.000000000E+00
  0.000000000E+00 0.000000000E+00 0.000000000E+00 0.000000000E+00
  0.000000000E+00 0.000000000E+00 0.100000000E+03 0.000000000E+00
  0.267634594E+00 0.154637043E+00 0.400000000E+02-0.311374420E+00
  0.295863279E-02 0.000000000E+00 0.999000000E+03 0.125424712E+01
 -0.100000000E+02 0.182425991E+01 0.000000000E+00-0.860046168E+00
 -0.100000000E+02 0.000000000E+00 0.733491614E+01 0.244004534E+00
  0.303699637E-01 0.124223651E+00 0.104203183E+00 0.676240284E+00
  0.567736342E+01 0.283207422E+01-0.890000000E+02-0.890000000E+02
 -0.890000000E+02-0.890000000E+02-0.890000000E+02-0.890000000E+02
 -0.890000000E+02-0.890000000E+02-0.890000000E+02-0.890000000E+02
 -0.890000000E+02-0.890000000E+02-0.890000000E+02-0.890000000E+02
 -0.890000000E+02 0.147714685E+10-0.990000000E+02 0.353829749E+00
 -0.990000000E+02 0.391406250E+02 0.000000000E+00 0.520296596E+00
  0.000000000E+00 0.926944229E-01 0.000000000E+00 0.114019191-312
                                            MAG
